KoNViD_1k_videos/4542323058.mp4, 8.008, 29.97002997002997, 3.22
KoNViD_1k_videos/9753414792.mp4, 8.008008, 29.97, 3.84
KoNViD_1k_videos/6935410837.mp4, 8.0, 25.0, 3.24
KoNViD_1k_videos/8171831850.mp4, 8.008, 29.97002997002997, 4.444029851
KoNViD_1k_videos/11465976586.mp4, 8.008008, 29.97, 3.94
KoNViD_1k_videos/4323977167.mp4, 8.008, 29.97002997002997, 3.26
KoNViD_1k_videos/7005478889.mp4, 8.008, 23.976023976023978, 2.86
KoNViD_1k_videos/6346026937.mp4, 8.008, 23.976023976023978, 2.14
KoNViD_1k_videos/10672253555.mp4, 8.008008, 29.97, 1.614785992
KoNViD_1k_videos/6812062788.mp4, 8.008, 29.97002997002997, 2.52
KoNViD_1k_videos/3930579113.mp4, 8.008, 29.97002997002997, 2.86
KoNViD_1k_videos/6981897920.mp4, 8.008, 29.97002997002997, 3.3
KoNViD_1k_videos/8957212602.mp4, 8.008008, 29.97, 3.56
KoNViD_1k_videos/4771991539.mp4, 8.0, 24.0, 3.0
KoNViD_1k_videos/8420230247.mp4, 8.008, 29.97002997002997, 3.96
KoNViD_1k_videos/4161940753.mp4, 8.0, 24.0, 3.66
KoNViD_1k_videos/8408744905.mp4, 8.008, 29.97002997002997, 3.5
KoNViD_1k_videos/13291575674.mp4, 8.008, 29.97002997002997, 2.66
KoNViD_1k_videos/6538025379.mp4, 8.008, 29.97002997002997, 3.8
KoNViD_1k_videos/7344072960.mp4, 8.0, 24.0, 2.769874477
KoNViD_1k_videos/9969637164.mp4, 8.008008, 29.97, 3.42
KoNViD_1k_videos/8688311915.mp4, 8.008, 29.97002997002997, 2.98
KoNViD_1k_videos/6929069239.mp4, 8.008, 29.97002997002997, 2.58
KoNViD_1k_videos/9248029519.mp4, 8.008008, 29.97, 2.7
KoNViD_1k_videos/3617102785.mp4, 8.008, 29.97002997002997, 3.08
KoNViD_1k_videos/9189459433.mp4, 8.0, 25.0, 2.22
KoNViD_1k_videos/3359662128.mp4, 8.008, 23.976023976023978, 3.08
KoNViD_1k_videos/6408325533.mp4, 8.008, 29.97002997002997, 1.26
KoNViD_1k_videos/5310216885.mp4, 8.008, 29.97002997002997, 2.24
KoNViD_1k_videos/9455400456.mp4, 8.0, 24.0, 2.22
KoNViD_1k_videos/7820483368.mp4, 8.008, 29.97002997002997, 2.76
KoNViD_1k_videos/4713503488.mp4, 8.008, 23.976023976023978, 3.88
KoNViD_1k_videos/6024650797.mp4, 8.008, 29.97002997002997, 2.54
KoNViD_1k_videos/8548046708.mp4, 8.008, 23.976023976023978, 3.36
KoNViD_1k_videos/8078127133.mp4, 8.008, 29.97002997002997, 2.618867925
KoNViD_1k_videos/5490599661.mp4, 8.008, 29.97002997002997, 2.88
KoNViD_1k_videos/6749780445.mp4, 8.008, 29.97002997002997, 2.02
KoNViD_1k_videos/5433352304.mp4, 8.008, 29.97002997002997, 2.22
KoNViD_1k_videos/12262452854.mp4, 8.0, 24.0, 4.24
KoNViD_1k_videos/4299787720.mp4, 8.008, 29.97002997002997, 2.849802372
KoNViD_1k_videos/4453069241.mp4, 8.008, 29.97002997002997, 2.92
KoNViD_1k_videos/4915461487.mp4, 8.0, 24.0, 2.24
KoNViD_1k_videos/8565847545.mp4, 8.008, 29.97002997002997, 3.08
KoNViD_1k_videos/7012065923.mp4, 8.008, 29.97002997002997, 3.48
KoNViD_1k_videos/4970919913.mp4, 8.0, 24.0, 2.32
KoNViD_1k_videos/5424989067.mp4, 8.008, 29.97002997002997, 2.4
KoNViD_1k_videos/3318634083.mp4, 8.008, 29.97002997002997, 2.3
KoNViD_1k_videos/8317937019.mp4, 8.008, 29.97002997002997, 2.48
KoNViD_1k_videos/8667534666.mp4, 8.008, 29.97002997002997, 4.02
KoNViD_1k_videos/6060761361.mp4, 8.008, 29.97002997002997, 3.06
KoNViD_1k_videos/4161747134.mp4, 8.008, 29.97002997002997, 3.48
KoNViD_1k_videos/8937776831.mp4, 8.008008, 29.97, 3.9
KoNViD_1k_videos/11237101334.mp4, 8.0, 24.0, 2.26
KoNViD_1k_videos/8182593817.mp4, 8.008, 29.97002997002997, 2.8
KoNViD_1k_videos/11403577283.mp4, 8.008, 23.976023976023978, 3.06
KoNViD_1k_videos/4482595368.mp4, 8.008, 29.97002997002997, 3.86
KoNViD_1k_videos/5564650233.mp4, 8.008, 29.97002997002997, 3.484251969
KoNViD_1k_videos/4626131441.mp4, 8.008, 23.976023976023978, 2.68
KoNViD_1k_videos/6100104774.mp4, 8.008, 29.97002997002997, 3.16
KoNViD_1k_videos/8088901520.mp4, 8.008, 29.97002997002997, 3.68
KoNViD_1k_videos/4557456762.mp4, 8.008, 29.97002997002997, 3.24
KoNViD_1k_videos/5622498540.mp4, 8.008, 29.97002997002997, 3.0
KoNViD_1k_videos/9086621277.mp4, 8.0, 24.0, 3.28
KoNViD_1k_videos/8097209231.mp4, 8.008, 29.97002997002997, 3.4
KoNViD_1k_videos/5263204150.mp4, 8.008, 29.97002997002997, 3.64
KoNViD_1k_videos/3407992311.mp4, 8.008, 29.97002997002997, 4.08
KoNViD_1k_videos/4472493392.mp4, 8.008, 23.976023976023978, 2.38
KoNViD_1k_videos/6350328925.mp4, 8.008, 23.976023976023978, 3.4
KoNViD_1k_videos/5512609909.mp4, 8.008, 29.97002997002997, 3.3
KoNViD_1k_videos/6047579133.mp4, 8.008, 29.97002997002997, 3.12
KoNViD_1k_videos/8592011515.mp4, 8.0, 24.0, 2.0
KoNViD_1k_videos/7834396986.mp4, 8.008, 29.97002997002997, 3.3
KoNViD_1k_videos/8554748075.mp4, 8.008, 23.976023976023978, 2.089068826
KoNViD_1k_videos/6073473868.mp4, 8.0, 24.0, 2.62
KoNViD_1k_videos/3887621073.mp4, 8.008, 29.97002997002997, 1.58
KoNViD_1k_videos/6874423527.mp4, 8.0, 24.0, 2.82
KoNViD_1k_videos/7123482247.mp4, 8.008, 23.976023976023978, 3.258064516
KoNViD_1k_videos/6008700446.mp4, 8.008, 29.97002997002997, 2.0
KoNViD_1k_videos/12816380173.mp4, 8.008, 23.976023976023978, 3.28
KoNViD_1k_videos/3504083604.mp4, 8.008, 29.97002997002997, 2.38
KoNViD_1k_videos/5962679589.mp4, 8.008, 29.97002997002997, 1.86
KoNViD_1k_videos/8236900278.mp4, 8.0, 24.0, 3.36
KoNViD_1k_videos/8909265380.mp4, 8.008008, 29.97, 2.78
KoNViD_1k_videos/3015973424.mp4, 8.008, 23.976023976023978, 3.1
KoNViD_1k_videos/11646665363.mp4, 8.008, 29.97002997002997, 3.7
KoNViD_1k_videos/8151400613.mp4, 8.008, 29.97002997002997, 2.98
KoNViD_1k_videos/6830500351.mp4, 8.008, 29.97002997002997, 2.94
KoNViD_1k_videos/6680559525.mp4, 8.008, 29.97002997002997, 3.3
KoNViD_1k_videos/5858864133.mp4, 8.008, 29.97002997002997, 2.48
KoNViD_1k_videos/7175971942.mp4, 8.008, 29.97002997002997, 2.32
KoNViD_1k_videos/3664548641.mp4, 8.0, 24.0, 3.121568627
KoNViD_1k_videos/10208239954.mp4, 8.008008, 29.97, 3.12
KoNViD_1k_videos/8773297527.mp4, 8.008008, 29.97, 3.72
KoNViD_1k_videos/8915047035.mp4, 8.008008, 29.97, 3.68
KoNViD_1k_videos/10602272313.mp4, 8.008008, 29.97, 3.1
KoNViD_1k_videos/5621374631.mp4, 8.008, 29.97002997002997, 2.52
KoNViD_1k_videos/9732912473.mp4, 8.008008, 29.97, 3.42
KoNViD_1k_videos/4991520511.mp4, 8.008, 29.97002997002997, 1.98
KoNViD_1k_videos/6811275923.mp4, 8.008, 23.976023976023978, 3.36
KoNViD_1k_videos/5169144673.mp4, 8.008, 29.97002997002997, 2.98
KoNViD_1k_videos/5790468384.mp4, 8.0, 24.0, 2.36
KoNViD_1k_videos/6571028091.mp4, 8.008, 29.97002997002997, 3.16
KoNViD_1k_videos/5920289173.mp4, 8.008, 29.97002997002997, 3.44
KoNViD_1k_videos/5032172516.mp4, 8.008, 29.97002997002997, 3.48
KoNViD_1k_videos/3715429501.mp4, 8.008, 29.97002997002997, 2.9
KoNViD_1k_videos/4970624827.mp4, 8.0, 25.0, 1.66
KoNViD_1k_videos/7521145978.mp4, 8.008, 29.97002997002997, 3.44
KoNViD_1k_videos/5825661459.mp4, 8.008, 29.97002997002997, 3.32
KoNViD_1k_videos/8479364057.mp4, 8.008, 23.976023976023978, 2.74
KoNViD_1k_videos/8148981356.mp4, 8.008, 29.97002997002997, 3.16
KoNViD_1k_videos/12567402335.mp4, 8.008008, 29.97, 1.8
KoNViD_1k_videos/8589300397.mp4, 8.008, 29.97002997002997, 3.6
KoNViD_1k_videos/10500520233.mp4, 8.008008, 29.97, 2.86
KoNViD_1k_videos/3934294391.mp4, 8.008, 29.97002997002997, 2.26
KoNViD_1k_videos/8387302863.mp4, 8.008, 29.97002997002997, 3.3
KoNViD_1k_videos/7402519316.mp4, 8.008, 29.97002997002997, 2.98
KoNViD_1k_videos/7651248048.mp4, 8.0, 24.0, 2.08
KoNViD_1k_videos/4005506137.mp4, 8.008, 23.976023976023978, 2.24
KoNViD_1k_videos/3459410764.mp4, 8.008, 29.97002997002997, 3.692946058
KoNViD_1k_videos/8039356416.mp4, 8.008, 29.97002997002997, 2.46
KoNViD_1k_videos/5698463243.mp4, 8.0, 25.0, 2.96
KoNViD_1k_videos/6865667129.mp4, 8.008, 29.97002997002997, 3.3
KoNViD_1k_videos/4956991827.mp4, 8.008, 29.97002997002997, 2.98
KoNViD_1k_videos/4879585643.mp4, 8.008, 29.97002997002997, 1.84
KoNViD_1k_videos/8267321210.mp4, 8.008, 29.97002997002997, 3.42
KoNViD_1k_videos/8240363350.mp4, 8.008, 29.97002997002997, 3.22
KoNViD_1k_videos/5590704113.mp4, 8.008, 29.97002997002997, 3.12
KoNViD_1k_videos/5045897151.mp4, 8.008, 29.97002997002997, 2.24
KoNViD_1k_videos/6178882861.mp4, 8.008, 29.97002997002997, 2.76
KoNViD_1k_videos/7068941889.mp4, 8.008, 29.97002997002997, 2.8
KoNViD_1k_videos/3459287580.mp4, 8.008, 23.976023976023978, 3.5
KoNViD_1k_videos/4593126957.mp4, 8.008, 29.97002997002997, 3.1
KoNViD_1k_videos/8562619627.mp4, 8.0, 25.0, 4.26
KoNViD_1k_videos/13036222674.mp4, 8.008008, 29.97, 3.56
KoNViD_1k_videos/11540616946.mp4, 8.008008, 29.97, 4.08
KoNViD_1k_videos/4979493912.mp4, 8.008, 29.97002997002997, 3.14
KoNViD_1k_videos/12859019173.mp4, 8.008, 29.97002997002997, 3.72
KoNViD_1k_videos/5222599467.mp4, 8.008, 29.97002997002997, 2.6
KoNViD_1k_videos/6809728071.mp4, 8.008, 29.97002997002997, 3.52
KoNViD_1k_videos/5075205526.mp4, 8.0, 24.0, 3.18
KoNViD_1k_videos/6783810490.mp4, 8.008, 29.97002997002997, 1.88
KoNViD_1k_videos/8230249635.mp4, 8.008, 29.97002997002997, 2.66
KoNViD_1k_videos/8092884510.mp4, 8.0, 24.0, 2.42
KoNViD_1k_videos/8625682550.mp4, 8.0, 24.0, 1.84
KoNViD_1k_videos/8717647202.mp4, 8.0, 25.0, 3.64
KoNViD_1k_videos/3337642103.mp4, 8.008, 29.97002997002997, 3.308641975
KoNViD_1k_videos/8931854960.mp4, 8.008008, 29.97, 3.7
KoNViD_1k_videos/9459232387.mp4, 8.008008, 29.97, 3.04
KoNViD_1k_videos/4866009712.mp4, 8.008, 29.97002997002997, 2.42
KoNViD_1k_videos/8679156964.mp4, 8.0, 25.0, 3.8
KoNViD_1k_videos/8372557828.mp4, 8.008, 29.97002997002997, 2.08
KoNViD_1k_videos/8591330227.mp4, 8.0, 25.0, 2.36
KoNViD_1k_videos/6173852301.mp4, 8.008, 29.97002997002997, 2.2
KoNViD_1k_videos/5620430600.mp4, 8.008, 29.97002997002997, 2.5
KoNViD_1k_videos/12412571563.mp4, 8.008008, 29.97, 3.5
KoNViD_1k_videos/8689455432.mp4, 8.008, 29.97002997002997, 2.68
KoNViD_1k_videos/9427595515.mp4, 8.008008, 29.97, 2.06
KoNViD_1k_videos/5379891328.mp4, 8.008, 29.97002997002997, 3.5
KoNViD_1k_videos/5596033251.mp4, 8.008, 23.976023976023978, 3.66
KoNViD_1k_videos/9387089233.mp4, 8.008008, 29.97, 2.68
KoNViD_1k_videos/7547384258.mp4, 8.008, 29.97002997002997, 2.44
KoNViD_1k_videos/7708735292.mp4, 8.0, 24.0, 2.46
KoNViD_1k_videos/3533765114.mp4, 8.0, 24.0, 2.28
KoNViD_1k_videos/5280283886.mp4, 8.008, 29.97002997002997, 3.86
KoNViD_1k_videos/10655599784.mp4, 8.008008, 29.97, 3.26
KoNViD_1k_videos/3321308714.mp4, 8.008, 23.976023976023978, 3.04
KoNViD_1k_videos/6953979425.mp4, 8.008, 29.97002997002997, 3.02
KoNViD_1k_videos/4095112467.mp4, 8.008, 29.97002997002997, 2.4
KoNViD_1k_videos/9521557660.mp4, 8.0, 24.0, 3.6
KoNViD_1k_videos/5111411754.mp4, 8.008, 29.97002997002997, 2.68
KoNViD_1k_videos/5072411175.mp4, 8.0, 24.0, 2.5
KoNViD_1k_videos/3589925544.mp4, 8.0, 24.0, 3.16
KoNViD_1k_videos/7123683275.mp4, 8.0, 24.0, 2.06
KoNViD_1k_videos/7074513729.mp4, 8.008, 29.97002997002997, 1.56
KoNViD_1k_videos/12465909365.mp4, 8.008008, 29.97, 3.88
KoNViD_1k_videos/3240926995.mp4, 8.008, 29.97002997002997, 3.1484375
KoNViD_1k_videos/12952440214.mp4, 8.008, 29.97002997002997, 2.5
KoNViD_1k_videos/7236880666.mp4, 8.008, 29.97002997002997, 3.5
KoNViD_1k_videos/9144368303.mp4, 8.008008, 23.976, 2.9
KoNViD_1k_videos/10864372176.mp4, 8.008, 29.97002997002997, 3.14
KoNViD_1k_videos/7171297739.mp4, 8.008, 23.976023976023978, 2.06
KoNViD_1k_videos/3561516939.mp4, 8.008, 29.97002997002997, 2.44
KoNViD_1k_videos/4820762619.mp4, 8.008, 29.97002997002997, 2.16
KoNViD_1k_videos/6868110990.mp4, 8.008, 29.97002997002997, 3.18
KoNViD_1k_videos/7173586391.mp4, 8.008, 23.976023976023978, 2.74
KoNViD_1k_videos/4391946048.mp4, 7.5742329999999995, 29.97002997002997, 3.3
KoNViD_1k_videos/7274180028.mp4, 8.008, 23.976023976023978, 3.76
KoNViD_1k_videos/6062892973.mp4, 8.008, 29.97002997002997, 2.86
KoNViD_1k_videos/5149271412.mp4, 8.008, 29.97002997002997, 2.82
KoNViD_1k_videos/7117529219.mp4, 8.008, 29.97002997002997, 2.86
KoNViD_1k_videos/6937597827.mp4, 8.008, 29.97002997002997, 3.28
KoNViD_1k_videos/12355531285.mp4, 8.008008, 29.97, 4.22
KoNViD_1k_videos/5266562897.mp4, 8.008, 29.97002997002997, 2.56
KoNViD_1k_videos/5921571324.mp4, 8.008, 29.97002997002997, 3.24
KoNViD_1k_videos/8478531549.mp4, 8.008, 29.97002997002997, 2.3
KoNViD_1k_videos/6422437813.mp4, 8.008, 29.97002997002997, 2.46
KoNViD_1k_videos/5215773911.mp4, 8.008, 29.97002997002997, 3.54
KoNViD_1k_videos/13276560083.mp4, 8.008, 29.97002997002997, 3.2
KoNViD_1k_videos/6806699713.mp4, 8.008, 29.97002997002997, 3.76
KoNViD_1k_videos/8257892715.mp4, 8.008, 29.97002997002997, 1.98
KoNViD_1k_videos/7879889838.mp4, 8.008, 29.97002997002997, 2.76
KoNViD_1k_videos/5218188823.mp4, 8.0, 24.0, 3.0
KoNViD_1k_videos/5044148124.mp4, 8.008, 29.97002997002997, 2.18
KoNViD_1k_videos/5917982116.mp4, 8.008, 29.97002997002997, 3.84
KoNViD_1k_videos/5143368697.mp4, 8.008, 29.97002997002997, 3.1
KoNViD_1k_videos/7390590300.mp4, 8.008, 23.976023976023978, 2.28
KoNViD_1k_videos/6866970306.mp4, 8.008, 29.97002997002997, 3.32
KoNViD_1k_videos/5026138416.mp4, 8.008, 29.97002997002997, 3.22
KoNViD_1k_videos/5268797415.mp4, 8.0, 24.0, 2.44
KoNViD_1k_videos/12965735905.mp4, 8.008008, 29.97, 3.18
KoNViD_1k_videos/4800261002.mp4, 8.008, 29.97002997002997, 3.98
KoNViD_1k_videos/9513714022.mp4, 8.008008, 29.97, 3.8
KoNViD_1k_videos/7495255120.mp4, 8.008, 23.976023976023978, 2.42
KoNViD_1k_videos/5223525504.mp4, 8.008, 29.97002997002997, 3.08
KoNViD_1k_videos/10127250986.mp4, 8.008008, 29.97, 2.3
KoNViD_1k_videos/6971905222.mp4, 8.008, 29.97002997002997, 2.6
KoNViD_1k_videos/6250048696.mp4, 8.008, 29.97002997002997, 3.08
KoNViD_1k_videos/12044525214.mp4, 8.008008, 29.97, 3.0
KoNViD_1k_videos/6181812275.mp4, 8.008, 29.97002997002997, 3.06
KoNViD_1k_videos/10716218856.mp4, 8.008008, 23.976, 2.06
KoNViD_1k_videos/6724048499.mp4, 8.008, 29.97002997002997, 2.56
KoNViD_1k_videos/12379836133.mp4, 8.0, 25.0, 4.24
KoNViD_1k_videos/4877128768.mp4, 8.008, 29.97002997002997, 3.42
KoNViD_1k_videos/10609570083.mp4, 8.008008, 29.97, 3.1
KoNViD_1k_videos/5319047612.mp4, 8.008, 29.97002997002997, 1.346863469
KoNViD_1k_videos/9000209228.mp4, 8.0, 25.0, 2.1
KoNViD_1k_videos/12923454185.mp4, 8.008, 29.97002997002997, 2.88
KoNViD_1k_videos/6868246166.mp4, 8.0, 24.0, 2.68
KoNViD_1k_videos/4397381332.mp4, 8.008, 29.97002997002997, 3.56
KoNViD_1k_videos/7381539666.mp4, 8.008, 29.97002997002997, 2.86
KoNViD_1k_videos/4971091773.mp4, 8.0, 24.0, 2.9
KoNViD_1k_videos/4655662252.mp4, 8.008, 29.97002997002997, 3.94
KoNViD_1k_videos/5947649803.mp4, 8.008, 29.97002997002997, 3.42
KoNViD_1k_videos/4375496636.mp4, 8.008, 29.97002997002997, 3.6
KoNViD_1k_videos/4980230630.mp4, 8.008, 29.97002997002997, 3.72
KoNViD_1k_videos/8140107150.mp4, 8.0, 24.0, 2.4
KoNViD_1k_videos/8017059368.mp4, 8.008, 29.97002997002997, 1.907172996
KoNViD_1k_videos/5118641893.mp4, 8.0, 24.0, 2.76
KoNViD_1k_videos/7313643370.mp4, 8.008, 29.97002997002997, 3.68
KoNViD_1k_videos/5542380796.mp4, 7.708333, 24.0, 1.72
KoNViD_1k_videos/4565232312.mp4, 8.008, 29.97002997002997, 2.64
KoNViD_1k_videos/4573266245.mp4, 8.008, 29.97002997002997, 2.58
KoNViD_1k_videos/4959664675.mp4, 8.0, 24.0, 2.06
KoNViD_1k_videos/6370967061.mp4, 8.0, 24.0, 2.2
KoNViD_1k_videos/7954124226.mp4, 8.008, 29.97002997002997, 3.8
KoNViD_1k_videos/6096480589.mp4, 8.008, 29.97002997002997, 2.4
KoNViD_1k_videos/8069024908.mp4, 8.008, 29.97002997002997, 2.12
KoNViD_1k_videos/6971190423.mp4, 8.008, 29.97002997002997, 3.82
KoNViD_1k_videos/4477789338.mp4, 8.0, 24.0, 2.72
KoNViD_1k_videos/9258419063.mp4, 8.0, 25.0, 3.74
KoNViD_1k_videos/8657921837.mp4, 8.0, 24.0, 4.3
KoNViD_1k_videos/8477990214.mp4, 8.0, 24.0, 2.1
KoNViD_1k_videos/7978973307.mp4, 8.008, 29.97002997002997, 1.78
KoNViD_1k_videos/13079468475.mp4, 8.008008, 29.97, 3.68
KoNViD_1k_videos/5694745216.mp4, 8.0, 24.0, 2.66
KoNViD_1k_videos/8495275628.mp4, 8.008, 29.97002997002997, 3.48
KoNViD_1k_videos/9765162404.mp4, 8.008008, 29.97, 2.08
KoNViD_1k_videos/4642629203.mp4, 8.008, 23.976023976023978, 3.52
KoNViD_1k_videos/10270536464.mp4, 8.008008, 29.97, 3.42
KoNViD_1k_videos/4914377539.mp4, 8.008, 29.97002997002997, 2.2
KoNViD_1k_videos/5493602442.mp4, 8.0, 24.0, 2.5
KoNViD_1k_videos/5737374844.mp4, 8.0, 24.0, 3.0
KoNViD_1k_videos/8072548302.mp4, 8.008, 29.97002997002997, 3.02
KoNViD_1k_videos/3357588876.mp4, 8.0, 25.0, 2.96
KoNViD_1k_videos/6932519097.mp4, 8.008, 29.97002997002997, 3.12
KoNViD_1k_videos/4615948555.mp4, 8.008, 23.976023976023978, 3.02
KoNViD_1k_videos/7146539585.mp4, 8.008, 29.97002997002997, 3.4
KoNViD_1k_videos/5322533709.mp4, 8.008, 29.97002997002997, 2.76
KoNViD_1k_videos/5823644068.mp4, 8.0, 24.0, 2.9
KoNViD_1k_videos/12758594775.mp4, 8.008, 29.97002997002997, 2.94
KoNViD_1k_videos/7246583832.mp4, 8.0, 24.0, 2.86
KoNViD_1k_videos/5995204968.mp4, 8.008, 29.97002997002997, 3.28
KoNViD_1k_videos/6313200205.mp4, 8.008, 29.97002997002997, 3.78
KoNViD_1k_videos/4966446054.mp4, 8.0, 24.0, 2.26
KoNViD_1k_videos/9740517228.mp4, 8.008008, 23.976, 3.8
KoNViD_1k_videos/3863745355.mp4, 8.008, 23.976023976023978, 4.02
KoNViD_1k_videos/5902098420.mp4, 8.008, 29.97002997002997, 3.4
KoNViD_1k_videos/8483400755.mp4, 8.008, 29.97002997002997, 1.46
KoNViD_1k_videos/5579073175.mp4, 8.0, 25.0, 3.32
KoNViD_1k_videos/5756899543.mp4, 8.008, 29.97002997002997, 3.7
KoNViD_1k_videos/5831253770.mp4, 8.008, 29.97002997002997, 3.84
KoNViD_1k_videos/6492110563.mp4, 8.008, 29.97002997002997, 3.92
KoNViD_1k_videos/9709640314.mp4, 8.008008, 29.97, 4.02
KoNViD_1k_videos/5263261013.mp4, 8.008, 29.97002997002997, 2.74
KoNViD_1k_videos/6812860936.mp4, 8.008, 29.97002997002997, 2.88
KoNViD_1k_videos/8223463984.mp4, 8.008, 29.97002997002997, 2.94
KoNViD_1k_videos/4779773181.mp4, 8.0, 25.0, 4.14
KoNViD_1k_videos/12816958564.mp4, 8.0, 25.0, 2.84
KoNViD_1k_videos/5583994811.mp4, 8.008, 29.97002997002997, 3.529166667
KoNViD_1k_videos/4866613201.mp4, 8.008, 29.97002997002997, 2.2
KoNViD_1k_videos/4729578673.mp4, 8.008, 29.97002997002997, 3.28
KoNViD_1k_videos/4260295122.mp4, 8.008, 29.97002997002997, 3.32
KoNViD_1k_videos/4620516469.mp4, 8.008, 23.976023976023978, 3.52
KoNViD_1k_videos/7700672030.mp4, 8.008, 29.97002997002997, 3.3
KoNViD_1k_videos/8281263977.mp4, 8.008, 29.97002997002997, 3.14
KoNViD_1k_videos/9525693928.mp4, 8.008008, 29.97, 3.86
KoNViD_1k_videos/5858312093.mp4, 8.008, 29.97002997002997, 2.4
KoNViD_1k_videos/4136131472.mp4, 8.0, 24.0, 3.2
KoNViD_1k_videos/10521676086.mp4, 8.008008, 29.97, 2.88
KoNViD_1k_videos/5031142078.mp4, 8.0, 24.0, 2.2
KoNViD_1k_videos/12626612584.mp4, 8.008008, 29.97, 3.1
KoNViD_1k_videos/8069868772.mp4, 8.008, 29.97002997002997, 3.32
KoNViD_1k_videos/5816132223.mp4, 8.008, 29.97002997002997, 3.58
KoNViD_1k_videos/5052341075.mp4, 8.008, 23.976023976023978, 3.48
KoNViD_1k_videos/4029116553.mp4, 8.008, 23.976023976023978, 3.82
KoNViD_1k_videos/6894958520.mp4, 8.008, 29.97002997002997, 3.24
KoNViD_1k_videos/3471567822.mp4, 8.008, 29.97002997002997, 1.52
KoNViD_1k_videos/11920895013.mp4, 8.008, 29.97002997002997, 3.42
KoNViD_1k_videos/8491617830.mp4, 8.008, 23.976023976023978, 3.5
KoNViD_1k_videos/6948249567.mp4, 8.008, 29.97002997002997, 3.1
KoNViD_1k_videos/7832506570.mp4, 8.008, 29.97002997002997, 3.92
KoNViD_1k_videos/10541657773.mp4, 8.0, 24.0, 3.74
KoNViD_1k_videos/3860380907.mp4, 8.008, 29.97002997002997, 3.6
KoNViD_1k_videos/8286421427.mp4, 8.0, 25.0, 4.14
KoNViD_1k_videos/10694139655.mp4, 8.008008, 23.976, 1.82
KoNViD_1k_videos/8480588816.mp4, 8.008, 29.97002997002997, 3.74
KoNViD_1k_videos/9089204842.mp4, 8.008008, 23.976, 3.02
KoNViD_1k_videos/5412442677.mp4, 8.008, 29.97002997002997, 2.3
KoNViD_1k_videos/4465669054.mp4, 8.0, 24.0, 2.92
KoNViD_1k_videos/6059786344.mp4, 8.008, 29.97002997002997, 2.66
KoNViD_1k_videos/13286356624.mp4, 8.008, 29.97002997002997, 3.6
KoNViD_1k_videos/4842303128.mp4, 8.008, 29.97002997002997, 3.22
KoNViD_1k_videos/8455309721.mp4, 8.008, 29.97002997002997, 3.42
KoNViD_1k_videos/12020933633.mp4, 8.0, 25.0, 3.36
KoNViD_1k_videos/6149591212.mp4, 8.008, 29.97002997002997, 2.14
KoNViD_1k_videos/3710887216.mp4, 8.008, 29.97002997002997, 2.92
KoNViD_1k_videos/7385692814.mp4, 8.008, 29.97002997002997, 3.92
KoNViD_1k_videos/7341359052.mp4, 8.008, 29.97002997002997, 3.16
KoNViD_1k_videos/6913535960.mp4, 8.0, 25.0, 4.106299213
KoNViD_1k_videos/3722785424.mp4, 8.008, 29.97002997002997, 3.571428571
KoNViD_1k_videos/7029270875.mp4, 8.008, 23.976023976023978, 3.94
KoNViD_1k_videos/5115193359.mp4, 8.008, 29.97002997002997, 3.08
KoNViD_1k_videos/5115335471.mp4, 8.008, 29.97002997002997, 2.16
KoNViD_1k_videos/6324422954.mp4, 8.008, 29.97002997002997, 2.76
KoNViD_1k_videos/5029525594.mp4, 8.008, 29.97002997002997, 3.6
KoNViD_1k_videos/9060241382.mp4, 8.0, 25.0, 4.04
KoNViD_1k_videos/5266893553.mp4, 8.008, 29.97002997002997, 1.74
KoNViD_1k_videos/6864942042.mp4, 8.0, 24.0, 2.72
KoNViD_1k_videos/4867899444.mp4, 8.008, 29.97002997002997, 3.08
KoNViD_1k_videos/8005708131.mp4, 8.008, 29.97002997002997, 3.06
KoNViD_1k_videos/7556474634.mp4, 8.008, 29.97002997002997, 2.94
KoNViD_1k_videos/9480678073.mp4, 8.008008, 29.97, 4.04
KoNViD_1k_videos/8728910927.mp4, 8.0, 24.0, 2.78
KoNViD_1k_videos/4803433208.mp4, 8.008, 29.97002997002997, 3.823529412
KoNViD_1k_videos/10013374164.mp4, 8.008008, 29.97, 3.74
KoNViD_1k_videos/9095814754.mp4, 8.008008, 23.976, 3.8
KoNViD_1k_videos/5769119862.mp4, 8.008, 29.97002997002997, 3.36
KoNViD_1k_videos/9536307250.mp4, 8.008008, 29.97, 3.16
KoNViD_1k_videos/4067736860.mp4, 8.008, 29.97002997002997, 3.16
KoNViD_1k_videos/5901642116.mp4, 8.008, 29.97002997002997, 2.74
KoNViD_1k_videos/5418971855.mp4, 8.008, 29.97002997002997, 2.68
KoNViD_1k_videos/6946901845.mp4, 8.008, 29.97002997002997, 3.46
KoNViD_1k_videos/5475555707.mp4, 8.008, 29.97002997002997, 1.74
KoNViD_1k_videos/6275674780.mp4, 8.0, 24.0, 1.82
KoNViD_1k_videos/8631895364.mp4, 8.008, 29.97002997002997, 3.66
KoNViD_1k_videos/11864752706.mp4, 8.008, 29.97002997002997, 3.9
KoNViD_1k_videos/6208528782.mp4, 8.008, 29.97002997002997, 2.66
KoNViD_1k_videos/6280406572.mp4, 8.0, 24.0, 2.62
KoNViD_1k_videos/6469679863.mp4, 8.008, 29.97002997002997, 2.4
KoNViD_1k_videos/5379210063.mp4, 8.008, 29.97002997002997, 2.84
KoNViD_1k_videos/3469529939.mp4, 8.008, 29.97002997002997, 2.8
KoNViD_1k_videos/7897815844.mp4, 8.008, 29.97002997002997, 2.96
KoNViD_1k_videos/6900620920.mp4, 8.0, 24.0, 4.04
KoNViD_1k_videos/6120978816.mp4, 8.0, 24.0, 2.04
KoNViD_1k_videos/6340576433.mp4, 8.008, 29.97002997002997, 3.46
KoNViD_1k_videos/5369095478.mp4, 8.008, 29.97002997002997, 2.6
KoNViD_1k_videos/5246827285.mp4, 8.0, 24.0, 3.16
KoNViD_1k_videos/9814654176.mp4, 8.008008, 29.97, 1.94
KoNViD_1k_videos/7585780552.mp4, 8.008, 29.97002997002997, 3.52
KoNViD_1k_videos/10925288616.mp4, 8.0, 24.0, 1.46
KoNViD_1k_videos/10249998364.mp4, 7.799466, 23.976, 3.4
KoNViD_1k_videos/6300501644.mp4, 8.0, 24.0, 3.4
KoNViD_1k_videos/5688399126.mp4, 8.008, 29.97002997002997, 3.78
KoNViD_1k_videos/4472730048.mp4, 8.008, 29.97002997002997, 1.622406639
KoNViD_1k_videos/12461764004.mp4, 8.008, 23.976023976023978, 2.16
KoNViD_1k_videos/9812197286.mp4, 8.008008, 29.97, 2.88
KoNViD_1k_videos/9633321480.mp4, 8.0, 24.0, 4.08
KoNViD_1k_videos/5633788395.mp4, 8.008, 29.97002997002997, 3.04
KoNViD_1k_videos/5611452609.mp4, 8.008, 29.97002997002997, 3.38
KoNViD_1k_videos/8355599976.mp4, 8.008, 23.976023976023978, 3.62
KoNViD_1k_videos/8991258489.mp4, 8.0, 24.0, 3.86
KoNViD_1k_videos/9633125766.mp4, 8.008008, 29.97, 3.42
KoNViD_1k_videos/6242642418.mp4, 8.008, 29.97002997002997, 3.398373984
KoNViD_1k_videos/8304230962.mp4, 8.0, 24.0, 2.32
KoNViD_1k_videos/5250183455.mp4, 8.008, 29.97002997002997, 3.1
KoNViD_1k_videos/8731237129.mp4, 8.0, 24.0, 2.48
KoNViD_1k_videos/10016324794.mp4, 8.008008, 23.976, 2.96
KoNViD_1k_videos/6028497716.mp4, 8.0, 24.0, 1.48
KoNViD_1k_videos/4996677282.mp4, 8.008, 29.97002997002997, 2.56
KoNViD_1k_videos/4265470174.mp4, 8.008, 29.97002997002997, 1.56
KoNViD_1k_videos/10411421606.mp4, 8.008008, 29.97, 2.52
KoNViD_1k_videos/9195826668.mp4, 8.008008, 29.97, 3.16
KoNViD_1k_videos/10314276135.mp4, 8.008008, 29.97, 3.22
KoNViD_1k_videos/5974403907.mp4, 8.008, 23.976023976023978, 3.1
KoNViD_1k_videos/4837816091.mp4, 8.008, 23.976023976023978, 3.54
KoNViD_1k_videos/11913590004.mp4, 8.0, 24.0, 2.96
KoNViD_1k_videos/5489207006.mp4, 8.008, 29.97002997002997, 4.04
KoNViD_1k_videos/8741017589.mp4, 8.008008, 29.97, 3.676470588
KoNViD_1k_videos/4211514567.mp4, 8.0, 24.0, 2.74
KoNViD_1k_videos/3516162818.mp4, 8.008, 29.97002997002997, 3.6
KoNViD_1k_videos/5206708965.mp4, 8.0, 24.0, 3.28
KoNViD_1k_videos/10115791113.mp4, 8.008008, 29.97, 3.68
KoNViD_1k_videos/4283455837.mp4, 8.008, 29.97002997002997, 3.68
KoNViD_1k_videos/6184163826.mp4, 8.008, 29.97002997002997, 1.52
KoNViD_1k_videos/9564154386.mp4, 8.008008, 29.97, 2.1
KoNViD_1k_videos/8415984918.mp4, 8.008, 23.976023976023978, 2.38
KoNViD_1k_videos/7616950966.mp4, 8.008, 29.97002997002997, 2.66
KoNViD_1k_videos/11367153336.mp4, 8.008, 29.97002997002997, 2.7
KoNViD_1k_videos/7396603710.mp4, 8.008, 29.97002997002997, 3.64
KoNViD_1k_videos/8955950667.mp4, 8.008008, 29.97, 3.66
KoNViD_1k_videos/7066660513.mp4, 8.008, 29.97002997002997, 3.8
KoNViD_1k_videos/5307981340.mp4, 8.008, 29.97002997002997, 3.52
KoNViD_1k_videos/8182527128.mp4, 8.008, 29.97002997002997, 3.96
KoNViD_1k_videos/5329960963.mp4, 8.0, 24.0, 3.04
KoNViD_1k_videos/5564209652.mp4, 8.008, 29.97002997002997, 2.46
KoNViD_1k_videos/4088281204.mp4, 8.008, 29.97002997002997, 3.43776824
KoNViD_1k_videos/3744752110.mp4, 8.0, 24.0, 2.48
KoNViD_1k_videos/5988574543.mp4, 8.008, 29.97002997002997, 2.9
KoNViD_1k_videos/8587927758.mp4, 8.0, 24.0, 2.14
KoNViD_1k_videos/6021943274.mp4, 8.008, 23.976023976023978, 3.14
KoNViD_1k_videos/4328729913.mp4, 8.008, 29.97002997002997, 3.42
KoNViD_1k_videos/8118947664.mp4, 8.008, 29.97002997002997, 3.76
KoNViD_1k_videos/7517202292.mp4, 8.008, 29.97002997002997, 2.38
KoNViD_1k_videos/5266882983.mp4, 8.008, 29.97002997002997, 2.3
KoNViD_1k_videos/5318369391.mp4, 8.008, 29.97002997002997, 3.3
KoNViD_1k_videos/8729448612.mp4, 8.008008, 29.97, 2.7
KoNViD_1k_videos/4495254692.mp4, 7.966291999999999, 23.976023976023978, 3.9
KoNViD_1k_videos/7192436890.mp4, 8.008, 29.97002997002997, 2.78
KoNViD_1k_videos/6027407703.mp4, 8.008, 29.97002997002997, 3.68
KoNViD_1k_videos/6294328198.mp4, 8.008, 29.97002997002997, 2.52
KoNViD_1k_videos/5956265529.mp4, 8.008, 29.97002997002997, 2.04
KoNViD_1k_videos/4783174196.mp4, 8.008, 29.97002997002997, 2.7
KoNViD_1k_videos/8403451337.mp4, 8.008, 29.97002997002997, 2.78
KoNViD_1k_videos/6621826551.mp4, 8.008, 29.97002997002997, 3.42
KoNViD_1k_videos/6238991743.mp4, 8.008, 29.97002997002997, 1.68
KoNViD_1k_videos/9515797648.mp4, 8.008008, 29.97, 3.78
KoNViD_1k_videos/8152764264.mp4, 8.008, 29.97002997002997, 3.14
KoNViD_1k_videos/5455582932.mp4, 8.008, 29.97002997002997, 3.352272727
KoNViD_1k_videos/5079146602.mp4, 8.0, 24.0, 3.5
KoNViD_1k_videos/3975461732.mp4, 8.008, 29.97002997002997, 3.72
KoNViD_1k_videos/4870064087.mp4, 8.008, 29.97002997002997, 2.96
KoNViD_1k_videos/10838546955.mp4, 8.008008, 29.97, 3.0
KoNViD_1k_videos/4204485800.mp4, 8.008, 29.97002997002997, 1.72972973
KoNViD_1k_videos/3431305644.mp4, 8.0, 24.0, 3.06
KoNViD_1k_videos/9830655414.mp4, 8.008008, 29.97, 3.56
KoNViD_1k_videos/10019485755.mp4, 8.008008, 29.97, 3.7
KoNViD_1k_videos/5279319629.mp4, 8.008, 29.97002997002997, 3.88
KoNViD_1k_videos/5363205423.mp4, 8.0, 24.0, 3.36
KoNViD_1k_videos/6497857295.mp4, 8.008, 29.97002997002997, 2.38
KoNViD_1k_videos/12893008605.mp4, 8.008008, 29.97, 3.55465587
KoNViD_1k_videos/6924551254.mp4, 8.008, 29.97002997002997, 2.72
KoNViD_1k_videos/4281880002.mp4, 8.0, 24.0, 3.2
KoNViD_1k_videos/5295005655.mp4, 8.0, 24.0, 2.72
KoNViD_1k_videos/5506184490.mp4, 8.008, 29.97002997002997, 2.04
KoNViD_1k_videos/10340094005.mp4, 8.008008, 29.97, 3.32
KoNViD_1k_videos/12788630734.mp4, 8.008, 29.97002997002997, 3.26
KoNViD_1k_videos/4279268661.mp4, 8.008, 29.97002997002997, 3.86
KoNViD_1k_videos/6279406877.mp4, 8.008, 29.97002997002997, 3.5
KoNViD_1k_videos/8253260683.mp4, 8.0, 24.0, 3.08
KoNViD_1k_videos/10625504535.mp4, 8.008008, 29.97, 2.1
KoNViD_1k_videos/5754220740.mp4, 8.0, 24.0, 2.74
KoNViD_1k_videos/5360605734.mp4, 8.008, 29.97002997002997, 3.84
KoNViD_1k_videos/10931366544.mp4, 8.008, 23.976023976023978, 3.64
KoNViD_1k_videos/7520968610.mp4, 8.008, 29.97002997002997, 3.1
KoNViD_1k_videos/8459254855.mp4, 8.008, 29.97002997002997, 2.74
KoNViD_1k_videos/9369433766.mp4, 7.5492159999999995, 23.976, 1.52
KoNViD_1k_videos/6838572151.mp4, 8.0, 24.0, 2.6
KoNViD_1k_videos/5419510404.mp4, 8.0, 25.0, 2.26
KoNViD_1k_videos/8685321568.mp4, 7.5416669999999995, 24.0, 2.18
KoNViD_1k_videos/8281880253.mp4, 8.0, 24.0, 2.4
KoNViD_1k_videos/7358630018.mp4, 8.008, 23.976023976023978, 3.6
KoNViD_1k_videos/7622034108.mp4, 8.008, 29.97002997002997, 3.44
KoNViD_1k_videos/8643275693.mp4, 8.008, 29.97002997002997, 3.22
KoNViD_1k_videos/3263720175.mp4, 8.008, 23.976023976023978, 3.04
KoNViD_1k_videos/6223028206.mp4, 8.008, 29.97002997002997, 1.68
KoNViD_1k_videos/8536919744.mp4, 8.0, 24.0, 1.22
KoNViD_1k_videos/6291796040.mp4, 8.008, 29.97002997002997, 3.3
KoNViD_1k_videos/12032110574.mp4, 8.0, 25.0, 2.64
KoNViD_1k_videos/7481217984.mp4, 8.008, 29.97002997002997, 3.2
KoNViD_1k_videos/8052505414.mp4, 8.008, 29.97002997002997, 3.92
KoNViD_1k_videos/9908050493.mp4, 7.540874, 29.97, 2.96
KoNViD_1k_videos/5409101281.mp4, 8.008, 29.97002997002997, 2.54
KoNViD_1k_videos/7812985864.mp4, 8.008, 29.97002997002997, 2.76
KoNViD_1k_videos/11086166076.mp4, 8.008008, 29.97, 3.28
KoNViD_1k_videos/4823416929.mp4, 8.008, 29.97002997002997, 1.98
KoNViD_1k_videos/6408210773.mp4, 8.008, 23.976023976023978, 2.92
KoNViD_1k_videos/5678628993.mp4, 8.008, 29.97002997002997, 3.567226891
KoNViD_1k_videos/5777975441.mp4, 8.008, 29.97002997002997, 2.3
KoNViD_1k_videos/5392736832.mp4, 8.0, 24.0, 2.42
KoNViD_1k_videos/12279842993.mp4, 8.008008, 29.97, 3.72
KoNViD_1k_videos/3629928686.mp4, 8.008, 29.97002997002997, 3.48
KoNViD_1k_videos/8717841410.mp4, 8.008, 29.97002997002997, 3.22
KoNViD_1k_videos/5660712402.mp4, 8.008, 29.97002997002997, 3.82
KoNViD_1k_videos/3825035703.mp4, 8.008, 29.97002997002997, 3.44
KoNViD_1k_videos/8965205906.mp4, 8.008008, 29.97, 3.6
KoNViD_1k_videos/8156543755.mp4, 8.008, 29.97002997002997, 3.14
KoNViD_1k_videos/7541374876.mp4, 8.008, 29.97002997002997, 3.38
KoNViD_1k_videos/7938991482.mp4, 8.008, 29.97002997002997, 2.52
KoNViD_1k_videos/4905336825.mp4, 8.008, 29.97002997002997, 1.828125
KoNViD_1k_videos/8921577578.mp4, 8.008008, 29.97, 3.48
KoNViD_1k_videos/6518466029.mp4, 8.0, 24.0, 3.02
KoNViD_1k_videos/6677269327.mp4, 8.008, 29.97002997002997, 3.72
KoNViD_1k_videos/7453163014.mp4, 8.0, 24.0, 3.02
KoNViD_1k_videos/5705527370.mp4, 8.008, 29.97002997002997, 3.74
KoNViD_1k_videos/9464591256.mp4, 8.008008, 23.976, 3.98
KoNViD_1k_videos/11013388203.mp4, 8.008, 23.976023976023978, 3.76
KoNViD_1k_videos/6021794037.mp4, 8.008, 29.97002997002997, 3.02
KoNViD_1k_videos/4933934170.mp4, 8.008, 29.97002997002997, 1.96
KoNViD_1k_videos/4761429801.mp4, 8.0, 24.0, 3.08
KoNViD_1k_videos/8424428827.mp4, 8.008, 29.97002997002997, 3.38
KoNViD_1k_videos/10008004183.mp4, 8.0, 25.0, 4.06
KoNViD_1k_videos/11383768246.mp4, 8.008, 29.97002997002997, 3.92
KoNViD_1k_videos/9083519636.mp4, 8.008008, 29.97, 2.86
KoNViD_1k_videos/4932309592.mp4, 8.008, 29.97002997002997, 2.94
KoNViD_1k_videos/5882410880.mp4, 8.008, 29.97002997002997, 3.52
KoNViD_1k_videos/6296962313.mp4, 8.008, 29.97002997002997, 2.64
KoNViD_1k_videos/7992241767.mp4, 8.008, 29.97002997002997, 3.64
KoNViD_1k_videos/6760172457.mp4, 8.0, 24.0, 3.24
KoNViD_1k_videos/5459565205.mp4, 7.9079, 29.97002997002997, 3.52
KoNViD_1k_videos/5260933475.mp4, 8.0, 24.0, 3.08
KoNViD_1k_videos/5147152978.mp4, 8.008, 29.97002997002997, 2.597609562
KoNViD_1k_videos/8751856572.mp4, 8.008008, 29.97, 3.9
KoNViD_1k_videos/7977126554.mp4, 8.008, 29.97002997002997, 3.96
KoNViD_1k_videos/12633847193.mp4, 8.008008, 29.97, 2.92
KoNViD_1k_videos/12704590184.mp4, 8.008, 23.976023976023978, 3.9
KoNViD_1k_videos/8195185860.mp4, 8.008, 29.97002997002997, 3.64
KoNViD_1k_videos/4526948676.mp4, 8.008, 29.97002997002997, 3.34
KoNViD_1k_videos/8953002659.mp4, 8.008008, 29.97, 3.9
KoNViD_1k_videos/9478631712.mp4, 8.008008, 29.97, 3.706349206
KoNViD_1k_videos/9382662040.mp4, 8.0, 24.0, 2.76
KoNViD_1k_videos/3763235915.mp4, 8.0, 24.0, 2.343873518
KoNViD_1k_videos/9617144245.mp4, 7.741073999999999, 29.97, 3.82
KoNViD_1k_videos/9917916796.mp4, 8.008008, 29.97, 4.04
KoNViD_1k_videos/10595581344.mp4, 8.008008, 29.97, 4.14
KoNViD_1k_videos/5479646341.mp4, 8.008, 29.97002997002997, 3.02
KoNViD_1k_videos/8331470149.mp4, 8.008, 23.976023976023978, 3.02
KoNViD_1k_videos/6320892865.mp4, 8.008, 23.976023976023978, 2.84
KoNViD_1k_videos/7287123594.mp4, 8.008, 29.97002997002997, 3.48
KoNViD_1k_videos/9659398278.mp4, 8.008008, 29.97, 3.3
KoNViD_1k_videos/5150451769.mp4, 8.0, 25.0, 1.84
KoNViD_1k_videos/8758952624.mp4, 8.008008, 29.97, 4.3
KoNViD_1k_videos/5653702857.mp4, 8.008, 29.97002997002997, 2.86
KoNViD_1k_videos/8536800170.mp4, 8.0, 24.0, 3.12
KoNViD_1k_videos/7591242800.mp4, 8.0, 25.0, 3.16
KoNViD_1k_videos/10102107193.mp4, 8.0, 25.0, 2.18
KoNViD_1k_videos/4177089041.mp4, 8.008, 29.97002997002997, 1.66
KoNViD_1k_videos/8336226077.mp4, 8.008, 29.97002997002997, 2.08
KoNViD_1k_videos/6333567508.mp4, 8.008, 29.97002997002997, 3.18
KoNViD_1k_videos/3591184129.mp4, 8.008, 29.97002997002997, 2.58
KoNViD_1k_videos/8195899669.mp4, 8.008, 29.97002997002997, 2.06
KoNViD_1k_videos/5101801222.mp4, 8.008, 29.97002997002997, 3.32
KoNViD_1k_videos/8039435442.mp4, 8.008, 29.97002997002997, 3.1
KoNViD_1k_videos/6629527951.mp4, 8.0, 24.0, 2.25498008
KoNViD_1k_videos/8610122536.mp4, 8.008, 29.97002997002997, 3.58
KoNViD_1k_videos/4773686738.mp4, 8.008, 29.97002997002997, 2.32
KoNViD_1k_videos/6661657005.mp4, 8.008, 29.97002997002997, 1.9
KoNViD_1k_videos/9726323401.mp4, 8.008008, 29.97, 3.272
KoNViD_1k_videos/6273360207.mp4, 8.008, 29.97002997002997, 3.2
KoNViD_1k_videos/7057951213.mp4, 8.008, 29.97002997002997, 3.54
KoNViD_1k_videos/6849313907.mp4, 8.008, 29.97002997002997, 3.48
KoNViD_1k_videos/8663100289.mp4, 8.0, 24.0, 2.034883721
KoNViD_1k_videos/8583146942.mp4, 8.008, 29.97002997002997, 2.54
KoNViD_1k_videos/9651230522.mp4, 8.008008, 29.97, 2.56
KoNViD_1k_videos/8918155991.mp4, 8.008008, 29.97, 3.46
KoNViD_1k_videos/8587203405.mp4, 8.008, 29.97002997002997, 3.54
KoNViD_1k_videos/5941263615.mp4, 8.0, 25.0, 3.54
KoNViD_1k_videos/4850105788.mp4, 8.008, 29.97002997002997, 3.06
KoNViD_1k_videos/12099271596.mp4, 8.0, 24.0, 2.4
KoNViD_1k_videos/6625655725.mp4, 8.008, 29.97002997002997, 3.62
KoNViD_1k_videos/5133219451.mp4, 7.708333, 24.0, 2.32
KoNViD_1k_videos/7734422826.mp4, 8.008, 29.97002997002997, 2.82
KoNViD_1k_videos/5134417428.mp4, 8.008, 29.97002997002997, 2.26
KoNViD_1k_videos/8487362151.mp4, 8.008, 29.97002997002997, 3.54
KoNViD_1k_videos/4956521693.mp4, 8.008, 29.97002997002997, 2.8
KoNViD_1k_videos/9725289895.mp4, 8.008008, 29.97, 3.58
KoNViD_1k_videos/6157684615.mp4, 8.008, 29.97002997002997, 3.36
KoNViD_1k_videos/8527434285.mp4, 8.008, 29.97002997002997, 2.02
KoNViD_1k_videos/3583315023.mp4, 8.0, 24.0, 2.84
KoNViD_1k_videos/4801224837.mp4, 8.0, 24.0, 3.46
KoNViD_1k_videos/5739175520.mp4, 8.008, 29.97002997002997, 3.68
KoNViD_1k_videos/4775312025.mp4, 8.008, 29.97002997002997, 2.08
KoNViD_1k_videos/12186470506.mp4, 8.008, 29.97002997002997, 2.9
KoNViD_1k_videos/8616015387.mp4, 8.008, 29.97002997002997, 3.54
KoNViD_1k_videos/6096558457.mp4, 8.008, 29.97002997002997, 2.6
KoNViD_1k_videos/8331282929.mp4, 8.008, 23.976023976023978, 3.76
KoNViD_1k_videos/4733600732.mp4, 8.008, 29.97002997002997, 3.48
KoNViD_1k_videos/6381011947.mp4, 8.008, 29.97002997002997, 3.26
KoNViD_1k_videos/5170915466.mp4, 8.008, 29.97002997002997, 2.88
KoNViD_1k_videos/7644822866.mp4, 8.008, 29.97002997002997, 3.78
KoNViD_1k_videos/8604343265.mp4, 8.008, 23.976023976023978, 2.54
KoNViD_1k_videos/5273433233.mp4, 8.008, 29.97002997002997, 3.48
KoNViD_1k_videos/3627681183.mp4, 8.008, 29.97002997002997, 3.44
KoNViD_1k_videos/5815295661.mp4, 8.008, 29.97002997002997, 3.06
KoNViD_1k_videos/6015938306.mp4, 8.008, 29.97002997002997, 2.5
KoNViD_1k_videos/7848940332.mp4, 8.008, 29.97002997002997, 1.86
KoNViD_1k_videos/12330492194.mp4, 8.008008, 29.97, 3.26
KoNViD_1k_videos/5914289359.mp4, 8.008, 29.97002997002997, 3.56
KoNViD_1k_videos/3861648412.mp4, 8.0, 24.0, 2.68
KoNViD_1k_videos/5553355582.mp4, 8.008, 29.97002997002997, 2.22
KoNViD_1k_videos/6210381577.mp4, 8.0, 24.0, 3.22
KoNViD_1k_videos/11469243925.mp4, 8.008008, 29.97, 2.28
KoNViD_1k_videos/11944451643.mp4, 8.008, 29.97002997002997, 3.16
KoNViD_1k_videos/5014400375.mp4, 8.008, 29.97002997002997, 2.28
KoNViD_1k_videos/8724380666.mp4, 8.008, 29.97002997002997, 1.4
KoNViD_1k_videos/8541047953.mp4, 8.008, 29.97002997002997, 3.28
KoNViD_1k_videos/11095294653.mp4, 8.008008, 29.97, 1.86
KoNViD_1k_videos/8886176135.mp4, 8.008008, 29.97, 3.56
KoNViD_1k_videos/4969714039.mp4, 8.008, 29.97002997002997, 3.08
KoNViD_1k_videos/13255378043.mp4, 8.008, 29.97002997002997, 3.12
KoNViD_1k_videos/11617643563.mp4, 8.008, 29.97002997002997, 3.4
KoNViD_1k_videos/5999732346.mp4, 8.0, 24.0, 2.9
KoNViD_1k_videos/10837320963.mp4, 8.0, 25.0, 3.7
KoNViD_1k_videos/8129160337.mp4, 8.008, 29.97002997002997, 3.12
KoNViD_1k_videos/6794539977.mp4, 8.0, 25.0, 3.4
KoNViD_1k_videos/8733102851.mp4, 8.008, 29.97002997002997, 3.08
KoNViD_1k_videos/4373113207.mp4, 8.008, 29.97002997002997, 3.52
KoNViD_1k_videos/6340146486.mp4, 8.0, 25.0, 2.48
KoNViD_1k_videos/4652600104.mp4, 8.008, 29.97002997002997, 3.16
KoNViD_1k_videos/5559135240.mp4, 8.0, 24.0, 2.94
KoNViD_1k_videos/6985991227.mp4, 8.008, 29.97002997002997, 1.62
KoNViD_1k_videos/5632758635.mp4, 8.008, 29.97002997002997, 3.64
KoNViD_1k_videos/3339962845.mp4, 8.008, 29.97002997002997, 4.64
KoNViD_1k_videos/5636445745.mp4, 8.008, 29.97002997002997, 2.52
KoNViD_1k_videos/3770747002.mp4, 8.008, 29.97002997002997, 1.86
KoNViD_1k_videos/8643336872.mp4, 8.008, 29.97002997002997, 1.68
KoNViD_1k_videos/8588854353.mp4, 8.008, 23.976023976023978, 3.88
KoNViD_1k_videos/5668795950.mp4, 8.0, 24.0, 2.86
KoNViD_1k_videos/6497033987.mp4, 8.008, 29.97002997002997, 1.8
KoNViD_1k_videos/4677538291.mp4, 8.008, 29.97002997002997, 1.96
KoNViD_1k_videos/12274927193.mp4, 8.008, 23.976023976023978, 2.98
KoNViD_1k_videos/9256674744.mp4, 8.008008, 29.97, 2.26
KoNViD_1k_videos/5040855662.mp4, 8.008, 29.97002997002997, 3.18
KoNViD_1k_videos/9093682547.mp4, 8.008008, 23.976, 3.1
KoNViD_1k_videos/8716622241.mp4, 8.008, 29.97002997002997, 3.38
KoNViD_1k_videos/5935222726.mp4, 8.008, 29.97002997002997, 1.86
KoNViD_1k_videos/10149337843.mp4, 8.008008, 29.97, 3.94
KoNViD_1k_videos/5012335397.mp4, 8.008, 29.97002997002997, 2.74
KoNViD_1k_videos/3489123822.mp4, 8.0, 24.0, 3.8
KoNViD_1k_videos/6408909511.mp4, 8.008, 29.97002997002997, 3.26
KoNViD_1k_videos/7986004475.mp4, 8.0, 25.0, 3.58
KoNViD_1k_videos/5028474013.mp4, 8.008, 29.97002997002997, 3.52
KoNViD_1k_videos/5110540070.mp4, 8.008, 29.97002997002997, 2.64
KoNViD_1k_videos/5067647428.mp4, 8.008, 29.97002997002997, 3.6
KoNViD_1k_videos/8178490084.mp4, 8.008, 29.97002997002997, 3.42
KoNViD_1k_videos/5589046662.mp4, 8.008, 29.97002997002997, 3.134453782
KoNViD_1k_videos/5541058845.mp4, 8.008, 29.97002997002997, 3.38
KoNViD_1k_videos/5340069287.mp4, 8.008, 29.97002997002997, 3.7
KoNViD_1k_videos/6528988807.mp4, 8.0, 24.0, 3.94488189
KoNViD_1k_videos/9586728257.mp4, 8.008008, 29.97, 3.56
KoNViD_1k_videos/12836715003.mp4, 8.008008, 29.97, 3.3
KoNViD_1k_videos/11803329033.mp4, 8.008008, 29.97, 3.56
KoNViD_1k_videos/10417424703.mp4, 8.008008, 29.97, 1.88
KoNViD_1k_videos/8147563408.mp4, 7.640967, 29.97002997002997, 3.58
KoNViD_1k_videos/6293871635.mp4, 8.008, 29.97002997002997, 3.68
KoNViD_1k_videos/9047671138.mp4, 8.008008, 29.97, 1.98
KoNViD_1k_videos/4406917423.mp4, 8.008, 23.976023976023978, 3.18
KoNViD_1k_videos/4367069947.mp4, 8.0, 24.0, 2.88
KoNViD_1k_videos/5020714258.mp4, 8.008, 23.976023976023978, 2.4
KoNViD_1k_videos/4744073127.mp4, 8.008, 29.97002997002997, 1.42
KoNViD_1k_videos/4843048363.mp4, 8.008, 29.97002997002997, 3.2
KoNViD_1k_videos/7734563104.mp4, 8.008, 23.976023976023978, 2.7
KoNViD_1k_videos/8670600555.mp4, 8.008, 29.97002997002997, 3.16
KoNViD_1k_videos/6582418637.mp4, 8.008, 29.97002997002997, 3.12
KoNViD_1k_videos/7383232724.mp4, 8.008, 29.97002997002997, 2.6
KoNViD_1k_videos/6343817087.mp4, 8.008, 29.97002997002997, 2.64
KoNViD_1k_videos/5827345790.mp4, 8.008, 29.97002997002997, 2.66
KoNViD_1k_videos/4922109288.mp4, 8.008, 29.97002997002997, 3.2
KoNViD_1k_videos/6932589551.mp4, 8.008, 29.97002997002997, 3.62
KoNViD_1k_videos/6338210961.mp4, 8.008, 29.97002997002997, 3.08
KoNViD_1k_videos/3437816776.mp4, 8.0, 24.0, 3.5
KoNViD_1k_videos/8431144343.mp4, 8.0, 24.0, 3.82
KoNViD_1k_videos/5893119747.mp4, 8.0, 25.0, 4.12
KoNViD_1k_videos/4270576961.mp4, 8.008, 29.97002997002997, 2.54
KoNViD_1k_videos/7633708420.mp4, 8.008, 23.976023976023978, 2.78
KoNViD_1k_videos/4383007820.mp4, 8.008, 29.97002997002997, 3.06
KoNViD_1k_videos/8582023917.mp4, 8.008, 29.97002997002997, 2.04
KoNViD_1k_videos/5504464599.mp4, 8.0, 24.0, 1.94
KoNViD_1k_videos/8532196494.mp4, 8.008, 29.97002997002997, 2.46
KoNViD_1k_videos/8201673711.mp4, 8.008, 29.97002997002997, 3.54
KoNViD_1k_videos/6879288904.mp4, 8.0, 24.0, 2.78
KoNViD_1k_videos/9513903384.mp4, 8.008008, 29.97, 4.04
KoNViD_1k_videos/4033322131.mp4, 8.008, 29.97002997002997, 2.86
KoNViD_1k_videos/10403478556.mp4, 8.008008, 23.976, 3.68
KoNViD_1k_videos/8207372644.mp4, 8.008, 29.97002997002997, 3.24
KoNViD_1k_videos/6131895268.mp4, 8.008, 29.97002997002997, 1.94
KoNViD_1k_videos/7703064692.mp4, 8.008, 29.97002997002997, 3.6
KoNViD_1k_videos/7500126174.mp4, 8.0, 24.0, 3.6
KoNViD_1k_videos/6268574586.mp4, 8.008, 23.976023976023978, 1.8
KoNViD_1k_videos/6373417661.mp4, 8.008, 23.976023976023978, 3.72
KoNViD_1k_videos/5693366090.mp4, 8.008, 29.97002997002997, 3.62
KoNViD_1k_videos/3358799122.mp4, 8.008, 29.97002997002997, 3.785714286
KoNViD_1k_videos/9812351333.mp4, 8.008008, 29.97, 3.74
KoNViD_1k_videos/10657154643.mp4, 8.008008, 29.97, 3.58
KoNViD_1k_videos/4184711791.mp4, 8.0, 24.0, 3.28
KoNViD_1k_videos/8552723245.mp4, 8.008, 23.976023976023978, 3.58
KoNViD_1k_videos/8842319020.mp4, 8.008008, 23.976, 2.86
KoNViD_1k_videos/7760313026.mp4, 8.008, 29.97002997002997, 3.36
KoNViD_1k_videos/8069880437.mp4, 8.008, 29.97002997002997, 3.64
KoNViD_1k_videos/12276570315.mp4, 8.0, 24.0, 3.365217391
KoNViD_1k_videos/5900513019.mp4, 8.008, 29.97002997002997, 3.231660232
KoNViD_1k_videos/6696625151.mp4, 8.008, 29.97002997002997, 3.1
KoNViD_1k_videos/6792594754.mp4, 8.008, 29.97002997002997, 3.4
KoNViD_1k_videos/10053703034.mp4, 8.008008, 29.97, 3.46
KoNViD_1k_videos/5621520605.mp4, 8.008, 29.97002997002997, 3.34
KoNViD_1k_videos/8144762018.mp4, 8.0, 24.0, 2.1
KoNViD_1k_videos/6095633507.mp4, 8.008, 29.97002997002997, 3.48
KoNViD_1k_videos/6299595444.mp4, 8.008, 29.97002997002997, 1.96
KoNViD_1k_videos/7681404078.mp4, 8.008, 29.97002997002997, 2.98
KoNViD_1k_videos/4484771725.mp4, 8.008, 29.97002997002997, 3.62
KoNViD_1k_videos/6722692103.mp4, 8.0, 24.0, 3.5
KoNViD_1k_videos/10201521555.mp4, 8.008008, 23.976, 2.3
KoNViD_1k_videos/3218223446.mp4, 8.008, 29.97002997002997, 2.92
KoNViD_1k_videos/5880475570.mp4, 8.0, 25.0, 2.695652174
KoNViD_1k_videos/6471207533.mp4, 8.0, 24.0, 3.32
KoNViD_1k_videos/7425861358.mp4, 8.008, 29.97002997002997, 3.46
KoNViD_1k_videos/11359714186.mp4, 8.008008, 29.97, 2.4
KoNViD_1k_videos/3546788918.mp4, 8.008, 29.97002997002997, 3.64
KoNViD_1k_videos/9680817388.mp4, 8.008008, 29.97, 3.84
KoNViD_1k_videos/8699104416.mp4, 8.008, 23.976023976023978, 2.48
KoNViD_1k_videos/5672502803.mp4, 8.008, 29.97002997002997, 3.3
KoNViD_1k_videos/7542896986.mp4, 8.0, 24.0, 3.02
KoNViD_1k_videos/8235549337.mp4, 8.008, 29.97002997002997, 2.66
KoNViD_1k_videos/4675931801.mp4, 8.008, 29.97002997002997, 4.16
KoNViD_1k_videos/5487345956.mp4, 8.008, 29.97002997002997, 3.92
KoNViD_1k_videos/8252040986.mp4, 8.008, 29.97002997002997, 3.68
KoNViD_1k_videos/6079875162.mp4, 8.008, 29.97002997002997, 1.6
KoNViD_1k_videos/5927908371.mp4, 8.008, 29.97002997002997, 1.6
KoNViD_1k_videos/5048882871.mp4, 8.0, 24.0, 1.84
KoNViD_1k_videos/8772282000.mp4, 8.008, 29.97002997002997, 3.24
KoNViD_1k_videos/3904711682.mp4, 8.008, 29.97002997002997, 3.04
KoNViD_1k_videos/5119193300.mp4, 8.008, 29.97002997002997, 2.46
KoNViD_1k_videos/5107749210.mp4, 8.008, 29.97002997002997, 2.36
KoNViD_1k_videos/9298912586.mp4, 8.0, 24.0, 2.5
KoNViD_1k_videos/9234105504.mp4, 8.008008, 23.976, 2.26
KoNViD_1k_videos/6323632937.mp4, 8.0, 24.0, 1.82
KoNViD_1k_videos/8320880668.mp4, 8.0, 24.0, 2.22
KoNViD_1k_videos/5561000398.mp4, 8.0, 24.0, 2.88
KoNViD_1k_videos/8731159058.mp4, 8.008008, 29.97, 2.2
KoNViD_1k_videos/6058824138.mp4, 8.008, 29.97002997002997, 2.74
KoNViD_1k_videos/5214650735.mp4, 8.008, 29.97002997002997, 3.18
KoNViD_1k_videos/5204063512.mp4, 8.008, 29.97002997002997, 2.94
KoNViD_1k_videos/6346933640.mp4, 8.008, 23.976023976023978, 2.6
KoNViD_1k_videos/4897814885.mp4, 8.0, 25.0, 2.46
KoNViD_1k_videos/6527804569.mp4, 8.0, 24.0, 3.12
KoNViD_1k_videos/4834450895.mp4, 8.008, 29.97002997002997, 1.74
KoNViD_1k_videos/3339387387.mp4, 8.008, 29.97002997002997, 2.42
KoNViD_1k_videos/4942462682.mp4, 8.008, 29.97002997002997, 3.5
KoNViD_1k_videos/8299847304.mp4, 8.0, 24.0, 2.96
KoNViD_1k_videos/4801560427.mp4, 8.008, 29.97002997002997, 3.44
KoNViD_1k_videos/7849542524.mp4, 8.008, 29.97002997002997, 3.7
KoNViD_1k_videos/12989512873.mp4, 8.008008, 23.976, 3.24
KoNViD_1k_videos/8467238180.mp4, 8.008, 29.97002997002997, 3.18
KoNViD_1k_videos/8222762296.mp4, 8.008, 29.97002997002997, 1.66
KoNViD_1k_videos/12899309364.mp4, 8.008008, 29.97, 3.1
KoNViD_1k_videos/6226852017.mp4, 8.008, 29.97002997002997, 3.4
KoNViD_1k_videos/8331955206.mp4, 8.008, 29.97002997002997, 3.84
KoNViD_1k_videos/3488252741.mp4, 8.008, 23.976023976023978, 3.54
KoNViD_1k_videos/5972627544.mp4, 8.0, 24.0, 3.04
KoNViD_1k_videos/12255205254.mp4, 8.0, 25.0, 3.96
KoNViD_1k_videos/4629711727.mp4, 8.0, 24.0, 2.3
KoNViD_1k_videos/6268902756.mp4, 8.008, 23.976023976023978, 1.843137255
KoNViD_1k_videos/4889669313.mp4, 8.008, 29.97002997002997, 2.52
KoNViD_1k_videos/7556185878.mp4, 8.0, 24.0, 2.82
KoNViD_1k_videos/8995404511.mp4, 8.008008, 29.97, 3.798245614
KoNViD_1k_videos/5941894437.mp4, 8.008, 29.97002997002997, 2.48
KoNViD_1k_videos/4414516665.mp4, 8.0, 25.0, 3.02
KoNViD_1k_videos/5879908897.mp4, 8.0, 25.0, 3.22
KoNViD_1k_videos/5130906896.mp4, 8.0, 24.0, 3.38
KoNViD_1k_videos/6059351914.mp4, 8.0, 24.0, 2.24
KoNViD_1k_videos/8751538577.mp4, 8.008008, 23.976, 4.4
KoNViD_1k_videos/4363644898.mp4, 8.008, 29.97002997002997, 3.7
KoNViD_1k_videos/6995540661.mp4, 8.008, 29.97002997002997, 3.18
KoNViD_1k_videos/10804894696.mp4, 8.008, 23.976023976023978, 3.12
KoNViD_1k_videos/10408715786.mp4, 8.008008, 29.97, 3.253731343
KoNViD_1k_videos/7136906983.mp4, 8.008, 29.97002997002997, 2.4
KoNViD_1k_videos/8366966088.mp4, 8.008, 29.97002997002997, 2.84
KoNViD_1k_videos/6849945228.mp4, 8.008, 23.976023976023978, 2.91796875
KoNViD_1k_videos/7548330816.mp4, 8.008, 23.976023976023978, 3.04
KoNViD_1k_videos/8479579728.mp4, 8.008, 29.97002997002997, 2.28
KoNViD_1k_videos/6716265511.mp4, 8.0, 24.0, 3.54
KoNViD_1k_videos/5355837503.mp4, 8.008, 23.976023976023978, 4.1
KoNViD_1k_videos/10650618913.mp4, 8.008008, 29.97, 1.7
KoNViD_1k_videos/7917797604.mp4, 8.008, 29.97002997002997, 2.105660377
KoNViD_1k_videos/7532463480.mp4, 8.008, 29.97002997002997, 2.792828685
KoNViD_1k_videos/9542585542.mp4, 8.008008, 29.97, 3.82
KoNViD_1k_videos/8429349812.mp4, 8.008, 29.97002997002997, 3.72
KoNViD_1k_videos/5996750151.mp4, 8.0, 24.0, 3.0
KoNViD_1k_videos/5865474554.mp4, 8.008, 29.97002997002997, 2.38
KoNViD_1k_videos/5245445672.mp4, 8.008, 29.97002997002997, 3.38
KoNViD_1k_videos/4876943348.mp4, 8.008, 29.97002997002997, 3.06
KoNViD_1k_videos/9434801897.mp4, 8.0, 25.0, 3.34
KoNViD_1k_videos/3963620197.mp4, 8.008, 23.976023976023978, 4.02
KoNViD_1k_videos/8976267501.mp4, 8.008008, 29.97, 3.0
KoNViD_1k_videos/7395710342.mp4, 8.008, 29.97002997002997, 2.92
KoNViD_1k_videos/7208119980.mp4, 8.008, 29.97002997002997, 2.93385214
KoNViD_1k_videos/12893918213.mp4, 8.008008, 29.97, 3.599236641
KoNViD_1k_videos/8675766145.mp4, 8.008, 29.97002997002997, 2.5
KoNViD_1k_videos/13154058393.mp4, 8.008, 23.976023976023978, 3.64
KoNViD_1k_videos/5082292308.mp4, 8.008, 29.97002997002997, 3.64
KoNViD_1k_videos/3588022983.mp4, 8.0, 24.0, 3.66
KoNViD_1k_videos/5458000924.mp4, 8.008, 29.97002997002997, 3.06
KoNViD_1k_videos/7141804343.mp4, 8.008, 29.97002997002997, 2.9
KoNViD_1k_videos/8078333220.mp4, 8.008, 29.97002997002997, 2.6
KoNViD_1k_videos/4736973814.mp4, 8.008, 29.97002997002997, 3.46
KoNViD_1k_videos/6971497024.mp4, 8.008, 29.97002997002997, 3.02
KoNViD_1k_videos/6369679907.mp4, 8.008, 29.97002997002997, 1.72
KoNViD_1k_videos/3699539878.mp4, 8.0, 24.0, 3.14
KoNViD_1k_videos/7983363078.mp4, 8.0, 24.0, 1.9
KoNViD_1k_videos/9390723258.mp4, 8.008008, 29.97, 3.8
KoNViD_1k_videos/8172276744.mp4, 8.008, 29.97002997002997, 3.92
KoNViD_1k_videos/10178280003.mp4, 8.008008, 29.97, 1.7
KoNViD_1k_videos/10716551125.mp4, 8.0, 25.0, 2.22
KoNViD_1k_videos/4258186896.mp4, 8.008, 29.97002997002997, 2.34
KoNViD_1k_videos/5078125268.mp4, 8.008, 29.97002997002997, 2.14
KoNViD_1k_videos/6191735552.mp4, 8.008, 29.97002997002997, 3.16
KoNViD_1k_videos/3521396571.mp4, 8.008, 29.97002997002997, 3.54
KoNViD_1k_videos/8729280042.mp4, 8.0, 24.0, 2.26
KoNViD_1k_videos/3179649855.mp4, 8.008, 23.976023976023978, 2.88
KoNViD_1k_videos/8476574247.mp4, 8.008, 29.97002997002997, 3.58
KoNViD_1k_videos/3819966572.mp4, 8.008, 29.97002997002997, 3.72
KoNViD_1k_videos/6514514177.mp4, 8.008, 23.976023976023978, 3.68
KoNViD_1k_videos/8229018279.mp4, 8.008, 29.97002997002997, 3.56
KoNViD_1k_videos/5010279097.mp4, 8.0, 24.0, 3.268907563
KoNViD_1k_videos/5914119796.mp4, 8.008, 29.97002997002997, 2.44
KoNViD_1k_videos/11061444876.mp4, 8.008, 29.97002997002997, 2.16
KoNViD_1k_videos/6304997355.mp4, 8.008, 29.97002997002997, 3.34
KoNViD_1k_videos/6775766604.mp4, 8.008, 29.97002997002997, 2.96
KoNViD_1k_videos/5066571585.mp4, 8.008, 29.97002997002997, 3.2
KoNViD_1k_videos/6554989029.mp4, 8.0, 24.0, 2.68
KoNViD_1k_videos/9058636581.mp4, 8.008008, 29.97, 1.82
KoNViD_1k_videos/6772996477.mp4, 8.008, 23.976023976023978, 3.72
KoNViD_1k_videos/5469530975.mp4, 8.008, 29.97002997002997, 2.9
KoNViD_1k_videos/5162398156.mp4, 8.008, 29.97002997002997, 2.68
KoNViD_1k_videos/5550087163.mp4, 8.008, 29.97002997002997, 2.46
KoNViD_1k_videos/5341444640.mp4, 8.008, 23.976023976023978, 3.68
KoNViD_1k_videos/3590551873.mp4, 8.008, 29.97002997002997, 2.7
KoNViD_1k_videos/3699089579.mp4, 8.0, 24.0, 3.38
KoNViD_1k_videos/5218123691.mp4, 8.0, 24.0, 3.04
KoNViD_1k_videos/4273096444.mp4, 8.008, 29.97002997002997, 3.98
KoNViD_1k_videos/5733977738.mp4, 8.0, 24.0, 2.06
KoNViD_1k_videos/6694501209.mp4, 8.008, 29.97002997002997, 2.92
KoNViD_1k_videos/4227960041.mp4, 8.008, 29.97002997002997, 3.66
KoNViD_1k_videos/6109922367.mp4, 8.008, 29.97002997002997, 3.14
KoNViD_1k_videos/7360639566.mp4, 8.008, 29.97002997002997, 3.54
KoNViD_1k_videos/7361913318.mp4, 8.008, 23.976023976023978, 2.74
KoNViD_1k_videos/4763574191.mp4, 8.008, 29.97002997002997, 3.469230769
KoNViD_1k_videos/5319413177.mp4, 8.0, 24.0, 2.48
KoNViD_1k_videos/9717753449.mp4, 8.008008, 23.976, 2.36
KoNViD_1k_videos/5690367902.mp4, 8.008, 29.97002997002997, 3.56
KoNViD_1k_videos/6137257339.mp4, 8.008, 29.97002997002997, 4.02
KoNViD_1k_videos/8986658663.mp4, 8.008008, 29.97, 3.2
KoNViD_1k_videos/12382276334.mp4, 8.0, 25.0, 3.586872587
KoNViD_1k_videos/4286406568.mp4, 8.008, 29.97002997002997, 2.96
KoNViD_1k_videos/6798366426.mp4, 8.008, 23.976023976023978, 3.84
KoNViD_1k_videos/10838718774.mp4, 8.008008, 29.97, 3.04
KoNViD_1k_videos/7969995368.mp4, 8.008, 29.97002997002997, 3.04
KoNViD_1k_videos/8967888670.mp4, 8.0, 24.0, 3.32
KoNViD_1k_videos/5212573386.mp4, 8.008, 29.97002997002997, 3.74
KoNViD_1k_videos/8440192357.mp4, 8.008, 29.97002997002997, 3.92
KoNViD_1k_videos/7177427229.mp4, 8.008, 23.976023976023978, 2.48
KoNViD_1k_videos/4417558772.mp4, 8.008, 29.97002997002997, 3.9
KoNViD_1k_videos/8007634384.mp4, 8.008, 29.97002997002997, 2.98
KoNViD_1k_videos/5993312864.mp4, 8.008, 29.97002997002997, 1.72
KoNViD_1k_videos/6959318659.mp4, 8.008, 29.97002997002997, 3.04
KoNViD_1k_videos/9675032717.mp4, 8.0, 25.0, 3.26
KoNViD_1k_videos/3496871384.mp4, 8.008, 29.97002997002997, 2.08
KoNViD_1k_videos/6270222640.mp4, 8.008, 29.97002997002997, 2.32
KoNViD_1k_videos/8414555471.mp4, 8.0, 25.0, 3.9
KoNViD_1k_videos/5011231037.mp4, 8.008, 29.97002997002997, 3.62195122
KoNViD_1k_videos/6638842709.mp4, 8.008, 29.97002997002997, 2.94
KoNViD_1k_videos/8646141367.mp4, 8.0, 25.0, 3.8
KoNViD_1k_videos/4265466447.mp4, 8.0, 24.0, 3.32
KoNViD_1k_videos/6867937233.mp4, 8.008, 29.97002997002997, 2.72
KoNViD_1k_videos/9085955167.mp4, 8.008008, 29.97, 3.2
KoNViD_1k_videos/4549036485.mp4, 8.008, 29.97002997002997, 3.992481203
KoNViD_1k_videos/6329730783.mp4, 8.0, 24.0, 2.28
KoNViD_1k_videos/4743183444.mp4, 8.008, 29.97002997002997, 3.44
KoNViD_1k_videos/8667333526.mp4, 8.0, 25.0, 2.62
KoNViD_1k_videos/6740483069.mp4, 8.008, 29.97002997002997, 2.2421875
KoNViD_1k_videos/9445782126.mp4, 8.008008, 29.97, 1.52
KoNViD_1k_videos/6858182534.mp4, 8.008, 29.97002997002997, 2.98
KoNViD_1k_videos/6135877141.mp4, 8.0, 24.0, 2.82
KoNViD_1k_videos/6949440526.mp4, 8.008, 29.97002997002997, 3.92
KoNViD_1k_videos/8531461869.mp4, 8.0, 24.0, 2.72
KoNViD_1k_videos/4751595925.mp4, 8.008, 29.97002997002997, 3.48
KoNViD_1k_videos/8031519344.mp4, 8.008, 29.97002997002997, 3.3
KoNViD_1k_videos/8433382995.mp4, 8.008, 23.976023976023978, 2.22
KoNViD_1k_videos/4337949901.mp4, 8.0, 24.0, 3.34
KoNViD_1k_videos/7087189849.mp4, 8.0, 24.0, 1.98
KoNViD_1k_videos/4313579496.mp4, 8.0, 24.0, 3.76
KoNViD_1k_videos/8251526312.mp4, 8.008, 29.97002997002997, 2.28
KoNViD_1k_videos/5819852885.mp4, 8.008, 29.97002997002997, 2.16
KoNViD_1k_videos/13196703974.mp4, 8.0, 25.0, 3.48
KoNViD_1k_videos/4281436885.mp4, 8.0, 24.0, 3.494339623
KoNViD_1k_videos/3810054574.mp4, 8.008, 29.97002997002997, 3.38
KoNViD_1k_videos/11535683914.mp4, 8.008, 29.97002997002997, 3.94
KoNViD_1k_videos/6598948831.mp4, 8.008, 29.97002997002997, 3.7
KoNViD_1k_videos/8319369964.mp4, 8.008, 29.97002997002997, 2.64
KoNViD_1k_videos/12387439244.mp4, 8.008008, 29.97, 2.34
KoNViD_1k_videos/12031712185.mp4, 8.0, 25.0, 2.58
KoNViD_1k_videos/4506003922.mp4, 8.008, 23.976023976023978, 2.36
KoNViD_1k_videos/5134310379.mp4, 8.008, 29.97002997002997, 2.12
KoNViD_1k_videos/5723108521.mp4, 8.008, 29.97002997002997, 3.18
KoNViD_1k_videos/8322973249.mp4, 8.008, 29.97002997002997, 3.3
KoNViD_1k_videos/6867862287.mp4, 8.008, 29.97002997002997, 3.68
KoNViD_1k_videos/6669111911.mp4, 8.008, 29.97002997002997, 3.2
KoNViD_1k_videos/10244479353.mp4, 8.008008, 29.97, 4.14
KoNViD_1k_videos/9571377943.mp4, 8.008008, 23.976, 4.28
KoNViD_1k_videos/5831807090.mp4, 8.008, 29.97002997002997, 3.68
KoNViD_1k_videos/6947112934.mp4, 8.0, 25.0, 4.18
KoNViD_1k_videos/4297535685.mp4, 8.008, 29.97002997002997, 2.86
KoNViD_1k_videos/5618829039.mp4, 8.008, 29.97002997002997, 3.16
KoNViD_1k_videos/11688667226.mp4, 8.008008, 29.97, 1.94
KoNViD_1k_videos/8298917863.mp4, 8.0, 24.0, 3.28
KoNViD_1k_videos/12101500915.mp4, 8.008, 29.97002997002997, 3.88
KoNViD_1k_videos/9098899158.mp4, 8.008008, 23.976, 3.02
KoNViD_1k_videos/5391431291.mp4, 8.008, 23.976023976023978, 4.151851852
KoNViD_1k_videos/8056761129.mp4, 8.008, 29.97002997002997, 3.12
KoNViD_1k_videos/4734666961.mp4, 8.008, 29.97002997002997, 2.82
KoNViD_1k_videos/9425570317.mp4, 8.0, 24.0, 3.0
KoNViD_1k_videos/3374751086.mp4, 8.008, 23.976023976023978, 2.24
KoNViD_1k_videos/9277742312.mp4, 8.008008, 29.97, 3.4
KoNViD_1k_videos/5516081814.mp4, 8.0, 24.0, 3.6
KoNViD_1k_videos/12823937005.mp4, 8.008008, 29.97, 3.4
KoNViD_1k_videos/5208145791.mp4, 8.008, 29.97002997002997, 2.24
KoNViD_1k_videos/9724431856.mp4, 8.008008, 29.97, 3.84
KoNViD_1k_videos/5460258278.mp4, 8.008, 29.97002997002997, 2.18
KoNViD_1k_videos/7545358086.mp4, 8.0, 24.0, 2.02
KoNViD_1k_videos/4206970561.mp4, 8.008, 23.976023976023978, 2.26
KoNViD_1k_videos/10785115855.mp4, 8.008008, 29.97, 2.46
KoNViD_1k_videos/9766188655.mp4, 8.008008, 29.97, 3.06
KoNViD_1k_videos/12439507093.mp4, 8.0, 24.0, 2.5
KoNViD_1k_videos/4582086726.mp4, 8.008, 29.97002997002997, 3.14
KoNViD_1k_videos/6111574885.mp4, 8.008, 29.97002997002997, 2.74
KoNViD_1k_videos/5346134105.mp4, 8.008, 29.97002997002997, 2.46
KoNViD_1k_videos/3647017501.mp4, 8.008, 23.976023976023978, 3.56
KoNViD_1k_videos/6660107279.mp4, 8.008, 29.97002997002997, 3.26
KoNViD_1k_videos/8002170390.mp4, 8.0, 25.0, 2.76
KoNViD_1k_videos/7495449440.mp4, 8.008, 29.97002997002997, 1.92
KoNViD_1k_videos/6281135899.mp4, 8.008, 29.97002997002997, 3.0
KoNViD_1k_videos/10124821225.mp4, 8.008008, 29.97, 3.4
KoNViD_1k_videos/5004709068.mp4, 8.008, 23.976023976023978, 2.52
KoNViD_1k_videos/8380926104.mp4, 8.008, 29.97002997002997, 3.4
KoNViD_1k_videos/9494995600.mp4, 8.0, 24.0, 2.74
KoNViD_1k_videos/5649370618.mp4, 8.008, 29.97002997002997, 2.9
KoNViD_1k_videos/8110008288.mp4, 8.0, 24.0, 2.02
KoNViD_1k_videos/4901210888.mp4, 8.008, 29.97002997002997, 2.82
KoNViD_1k_videos/5356092090.mp4, 8.008, 29.97002997002997, 3.22
KoNViD_1k_videos/4981160522.mp4, 8.008, 29.97002997002997, 3.26
KoNViD_1k_videos/4236199952.mp4, 8.008, 29.97002997002997, 2.9
KoNViD_1k_videos/7518773518.mp4, 8.008, 23.976023976023978, 4.32
KoNViD_1k_videos/11902527296.mp4, 8.008, 29.97002997002997, 3.24
KoNViD_1k_videos/6076608135.mp4, 8.008, 29.97002997002997, 4.4
KoNViD_1k_videos/4020832533.mp4, 7.674333, 23.976023976023978, 2.948616601
KoNViD_1k_videos/8587384006.mp4, 8.008, 29.97002997002997, 3.74
KoNViD_1k_videos/8278672659.mp4, 8.008, 23.976023976023978, 2.18
KoNViD_1k_videos/9586935224.mp4, 8.008008, 29.97, 3.34
KoNViD_1k_videos/5357123491.mp4, 8.008, 23.976023976023978, 3.44
KoNViD_1k_videos/5003283158.mp4, 8.008, 29.97002997002997, 2.78
KoNViD_1k_videos/12682619933.mp4, 8.008008, 29.97, 3.24
KoNViD_1k_videos/8217524401.mp4, 8.0, 24.0, 2.58
KoNViD_1k_videos/10533906564.mp4, 8.008008, 29.97, 3.24
KoNViD_1k_videos/4864754515.mp4, 8.0, 24.0, 3.12
KoNViD_1k_videos/9267867823.mp4, 8.008008, 29.97, 3.84
KoNViD_1k_videos/10636855406.mp4, 8.008008, 29.97, 3.88
KoNViD_1k_videos/7819697028.mp4, 8.008, 29.97002997002997, 2.56
KoNViD_1k_videos/6694553789.mp4, 8.008, 29.97002997002997, 3.62
KoNViD_1k_videos/6982428911.mp4, 8.008, 29.97002997002997, 2.7
KoNViD_1k_videos/6368379561.mp4, 8.008, 29.97002997002997, 3.54
KoNViD_1k_videos/12623549414.mp4, 8.008008, 29.97, 3.68
KoNViD_1k_videos/8442879599.mp4, 8.008, 29.97002997002997, 3.74
KoNViD_1k_videos/8484812859.mp4, 8.008, 29.97002997002997, 3.38
KoNViD_1k_videos/11816978255.mp4, 8.0, 25.0, 3.76
KoNViD_1k_videos/8215074237.mp4, 8.0, 24.0, 2.7
KoNViD_1k_videos/5415012877.mp4, 8.008, 23.976023976023978, 2.42
KoNViD_1k_videos/12277706754.mp4, 8.008008, 29.97, 3.5
KoNViD_1k_videos/11635304003.mp4, 8.008, 29.97002997002997, 1.74
KoNViD_1k_videos/7526781566.mp4, 8.008, 29.97002997002997, 3.02
KoNViD_1k_videos/6215542986.mp4, 8.008, 29.97002997002997, 2.58
KoNViD_1k_videos/9363436148.mp4, 8.008008, 29.97, 3.58
KoNViD_1k_videos/7005111650.mp4, 8.008, 23.976023976023978, 2.72
KoNViD_1k_videos/5093919014.mp4, 8.008, 29.97002997002997, 2.26
KoNViD_1k_videos/6671136435.mp4, 8.008, 29.97002997002997, 3.04
KoNViD_1k_videos/3369925072.mp4, 8.008, 29.97002997002997, 4.02
KoNViD_1k_videos/11057110163.mp4, 8.008, 29.97002997002997, 2.78
KoNViD_1k_videos/3343535739.mp4, 8.008, 29.97002997002997, 2.4
KoNViD_1k_videos/5526460224.mp4, 8.008, 29.97002997002997, 3.38
KoNViD_1k_videos/5005236579.mp4, 8.008, 29.97002997002997, 3.26
KoNViD_1k_videos/5203755303.mp4, 7.507499999999999, 29.97002997002997, 2.68
KoNViD_1k_videos/5960200024.mp4, 8.008, 29.97002997002997, 2.52
KoNViD_1k_videos/5453773681.mp4, 8.008, 29.97002997002997, 2.24
KoNViD_1k_videos/6319757818.mp4, 8.008, 29.97002997002997, 3.38
KoNViD_1k_videos/2999049224.mp4, 8.008, 29.97002997002997, 3.44
KoNViD_1k_videos/5770178686.mp4, 8.008, 23.976023976023978, 3.78
KoNViD_1k_videos/9737640625.mp4, 7.5492159999999995, 23.976, 3.36
KoNViD_1k_videos/6107338487.mp4, 8.0, 25.0, 3.62
KoNViD_1k_videos/5467704373.mp4, 8.008, 29.97002997002997, 3.16
KoNViD_1k_videos/7897750494.mp4, 8.0, 24.0, 2.4
KoNViD_1k_videos/4627984833.mp4, 8.008, 29.97002997002997, 1.7
KoNViD_1k_videos/3611217365.mp4, 8.008, 23.976023976023978, 3.6
KoNViD_1k_videos/5154464760.mp4, 8.0, 25.0, 3.86
KoNViD_1k_videos/9802042845.mp4, 8.008008, 29.97, 3.66
KoNViD_1k_videos/9618443862.mp4, 8.008008, 29.97, 2.08
KoNViD_1k_videos/7892371292.mp4, 8.008, 29.97002997002997, 3.48
KoNViD_1k_videos/4573314147.mp4, 8.008, 29.97002997002997, 2.56
KoNViD_1k_videos/8026448058.mp4, 8.0, 25.0, 3.44
KoNViD_1k_videos/4545845826.mp4, 8.008, 29.97002997002997, 3.9
KoNViD_1k_videos/4567868868.mp4, 8.008, 29.97002997002997, 3.5
KoNViD_1k_videos/6907839104.mp4, 8.008, 23.976023976023978, 3.5
KoNViD_1k_videos/5875944717.mp4, 8.0, 25.0, 3.92
KoNViD_1k_videos/5009379117.mp4, 7.8411669999999996, 29.97002997002997, 2.299595142
KoNViD_1k_videos/8563986596.mp4, 8.008, 29.97002997002997, 2.94
KoNViD_1k_videos/5987864177.mp4, 8.008, 29.97002997002997, 3.14
KoNViD_1k_videos/4335304419.mp4, 8.008, 29.97002997002997, 3.02
KoNViD_1k_videos/8098521993.mp4, 8.008, 29.97002997002997, 2.86
KoNViD_1k_videos/11925275803.mp4, 8.008, 29.97002997002997, 2.66
KoNViD_1k_videos/5956380805.mp4, 8.008, 29.97002997002997, 3.46
KoNViD_1k_videos/4289215378.mp4, 8.008, 29.97002997002997, 3.4
KoNViD_1k_videos/6787309364.mp4, 8.008, 29.97002997002997, 4.16
KoNViD_1k_videos/10838934973.mp4, 8.008008, 29.97, 3.34
KoNViD_1k_videos/7383994638.mp4, 8.008, 29.97002997002997, 3.74
KoNViD_1k_videos/5845660280.mp4, 8.0, 25.0, 3.5
KoNViD_1k_videos/8738388681.mp4, 8.008, 29.97002997002997, 3.8
KoNViD_1k_videos/6210062524.mp4, 8.0, 24.0, 2.78
KoNViD_1k_videos/6914710581.mp4, 8.0, 24.0, 4.0
KoNViD_1k_videos/7151780093.mp4, 8.008, 29.97002997002997, 2.6
KoNViD_1k_videos/11673027224.mp4, 8.008, 29.97002997002997, 3.32
KoNViD_1k_videos/9317770917.mp4, 8.008008, 29.97, 3.38
KoNViD_1k_videos/7548305462.mp4, 8.008, 23.976023976023978, 2.24
KoNViD_1k_videos/4202404174.mp4, 8.008, 29.97002997002997, 3.14
KoNViD_1k_videos/3425371223.mp4, 8.008, 29.97002997002997, 3.12
KoNViD_1k_videos/4987165854.mp4, 8.008, 29.97002997002997, 3.24
KoNViD_1k_videos/4642004278.mp4, 8.008, 29.97002997002997, 2.56
KoNViD_1k_videos/6223104346.mp4, 8.008, 29.97002997002997, 2.56
KoNViD_1k_videos/12088104156.mp4, 8.008, 29.97002997002997, 3.6
KoNViD_1k_videos/5636101558.mp4, 8.0, 24.0, 2.26
KoNViD_1k_videos/10238939436.mp4, 8.008008, 23.976, 2.58
KoNViD_1k_videos/6844033217.mp4, 8.008, 29.97002997002997, 3.72
KoNViD_1k_videos/8440795977.mp4, 8.008, 29.97002997002997, 2.28
KoNViD_1k_videos/5570426341.mp4, 8.0, 24.0, 1.56
KoNViD_1k_videos/9524637688.mp4, 8.008008, 29.97, 2.58
KoNViD_1k_videos/3948863216.mp4, 8.0, 24.0, 3.62
KoNViD_1k_videos/5706858082.mp4, 8.008, 29.97002997002997, 3.12
KoNViD_1k_videos/5911601461.mp4, 8.008, 23.976023976023978, 3.42
KoNViD_1k_videos/4836718842.mp4, 8.008, 29.97002997002997, 2.64
KoNViD_1k_videos/6792979288.mp4, 8.0, 24.0, 1.78
KoNViD_1k_videos/8486027818.mp4, 8.008, 29.97002997002997, 3.2
KoNViD_1k_videos/12912266335.mp4, 8.0, 24.0, 2.86
KoNViD_1k_videos/5893880541.mp4, 8.008, 23.976023976023978, 2.7
KoNViD_1k_videos/8013211059.mp4, 8.0, 25.0, 2.48
KoNViD_1k_videos/5440091902.mp4, 8.008, 29.97002997002997, 3.0
KoNViD_1k_videos/5850199057.mp4, 8.008, 29.97002997002997, 2.4
KoNViD_1k_videos/11082897705.mp4, 8.008008, 29.97, 3.3
KoNViD_1k_videos/5338017301.mp4, 8.008, 29.97002997002997, 3.8
KoNViD_1k_videos/7935377214.mp4, 8.008, 29.97002997002997, 3.58
KoNViD_1k_videos/4871910775.mp4, 8.008, 29.97002997002997, 2.48
KoNViD_1k_videos/8507613491.mp4, 8.008, 29.97002997002997, 2.28
KoNViD_1k_videos/4321531777.mp4, 8.008, 29.97002997002997, 1.82
KoNViD_1k_videos/8193379879.mp4, 8.0, 24.0, 3.26
KoNViD_1k_videos/4712606231.mp4, 8.008, 29.97002997002997, 3.7
KoNViD_1k_videos/6249802707.mp4, 8.008, 29.97002997002997, 3.58
KoNViD_1k_videos/10283826203.mp4, 8.008008, 29.97, 4.14
KoNViD_1k_videos/8435518163.mp4, 8.008, 29.97002997002997, 3.16
KoNViD_1k_videos/8586743266.mp4, 8.008, 29.97002997002997, 2.72
KoNViD_1k_videos/6490001399.mp4, 8.0, 24.0, 3.36
KoNViD_1k_videos/11907021903.mp4, 8.008008, 29.97, 2.16
KoNViD_1k_videos/7287459080.mp4, 8.008, 29.97002997002997, 2.32
KoNViD_1k_videos/6065207696.mp4, 8.008, 29.97002997002997, 2.88
KoNViD_1k_videos/7197025396.mp4, 8.008, 29.97002997002997, 3.92
KoNViD_1k_videos/6092433561.mp4, 8.008, 29.97002997002997, 2.86
KoNViD_1k_videos/5465225347.mp4, 7.5408669999999995, 29.97002997002997, 3.52
KoNViD_1k_videos/3878700690.mp4, 8.008, 29.97002997002997, 2.74
KoNViD_1k_videos/6313769652.mp4, 8.008, 29.97002997002997, 3.82
KoNViD_1k_videos/5477809421.mp4, 8.008, 29.97002997002997, 4.04
KoNViD_1k_videos/4639129836.mp4, 8.008, 29.97002997002997, 2.06
KoNViD_1k_videos/7550224002.mp4, 8.0, 24.0, 2.34
KoNViD_1k_videos/5805360253.mp4, 8.0, 24.0, 2.58
KoNViD_1k_videos/6444142351.mp4, 8.008, 29.97002997002997, 3.28
KoNViD_1k_videos/7177696763.mp4, 8.0, 24.0, 4.06
KoNViD_1k_videos/4809572333.mp4, 8.008, 23.976023976023978, 3.12
KoNViD_1k_videos/7664727482.mp4, 8.008, 29.97002997002997, 3.4
KoNViD_1k_videos/7198853624.mp4, 8.008, 23.976023976023978, 3.6
KoNViD_1k_videos/8124951690.mp4, 8.008, 29.97002997002997, 3.06
KoNViD_1k_videos/12123666684.mp4, 8.008, 29.97002997002997, 4.0
KoNViD_1k_videos/8132161360.mp4, 8.0, 24.0, 2.9
KoNViD_1k_videos/7122092993.mp4, 8.008, 29.97002997002997, 2.88
KoNViD_1k_videos/5625415555.mp4, 8.008, 23.976023976023978, 2.08
KoNViD_1k_videos/6411380421.mp4, 8.008, 29.97002997002997, 3.44
KoNViD_1k_videos/6867926575.mp4, 8.008, 29.97002997002997, 3.08
KoNViD_1k_videos/8859509880.mp4, 8.008008, 29.97, 3.94
KoNViD_1k_videos/5806274886.mp4, 8.0, 24.0, 2.24
KoNViD_1k_videos/11425159465.mp4, 8.008008, 29.97, 2.68
KoNViD_1k_videos/6648629457.mp4, 8.008, 23.976023976023978, 3.42
KoNViD_1k_videos/8683385786.mp4, 8.008, 29.97002997002997, 3.66
KoNViD_1k_videos/8701032421.mp4, 8.008, 23.976023976023978, 4.02
KoNViD_1k_videos/7548202460.mp4, 8.008, 29.97002997002997, 3.3
KoNViD_1k_videos/5030830413.mp4, 8.008, 29.97002997002997, 3.28
KoNViD_1k_videos/5140332158.mp4, 8.008, 29.97002997002997, 3.58
KoNViD_1k_videos/4723346787.mp4, 8.008, 29.97002997002997, 3.0
KoNViD_1k_videos/5644303578.mp4, 8.008, 29.97002997002997, 2.54
KoNViD_1k_videos/6807638360.mp4, 8.0, 24.0, 1.46
KoNViD_1k_videos/5641862023.mp4, 8.008, 29.97002997002997, 3.36
KoNViD_1k_videos/3860907449.mp4, 8.0, 24.0, 3.54
KoNViD_1k_videos/5460445525.mp4, 8.0, 24.0, 2.04
KoNViD_1k_videos/8339870239.mp4, 8.0, 24.0, 1.992063492
KoNViD_1k_videos/7667993154.mp4, 8.008, 29.97002997002997, 3.76
KoNViD_1k_videos/5869559051.mp4, 8.008, 29.97002997002997, 2.3
KoNViD_1k_videos/13288073854.mp4, 8.0, 25.0, 4.1
KoNViD_1k_videos/5360118581.mp4, 8.008, 29.97002997002997, 3.2
KoNViD_1k_videos/5669052182.mp4, 8.008, 29.97002997002997, 3.879844961
KoNViD_1k_videos/11971608074.mp4, 8.008, 29.97002997002997, 3.34
KoNViD_1k_videos/8646170532.mp4, 8.008, 29.97002997002997, 3.48
KoNViD_1k_videos/5786034294.mp4, 8.008, 23.976023976023978, 3.0
KoNViD_1k_videos/7983610133.mp4, 8.008, 29.97002997002997, 3.74
KoNViD_1k_videos/8084631711.mp4, 8.0, 24.0, 3.48
KoNViD_1k_videos/11435365925.mp4, 8.008008, 29.97, 2.6
KoNViD_1k_videos/6917745987.mp4, 8.008, 23.976023976023978, 2.4
KoNViD_1k_videos/9209826160.mp4, 8.008008, 29.97, 3.34
KoNViD_1k_videos/4907486229.mp4, 8.008, 29.97002997002997, 2.0
KoNViD_1k_videos/6123040072.mp4, 8.0, 24.0, 2.22
KoNViD_1k_videos/5023426388.mp4, 8.008, 29.97002997002997, 3.32
KoNViD_1k_videos/5043852749.mp4, 7.8411669999999996, 29.97002997002997, 1.84
KoNViD_1k_videos/10116604143.mp4, 8.008008, 23.976, 3.08
KoNViD_1k_videos/4945025836.mp4, 8.0, 24.0, 3.32
KoNViD_1k_videos/8664958871.mp4, 8.0, 25.0, 3.52
KoNViD_1k_videos/5609569195.mp4, 8.008, 29.97002997002997, 2.82
KoNViD_1k_videos/4931493432.mp4, 8.008, 29.97002997002997, 3.36
KoNViD_1k_videos/9136867624.mp4, 8.008008, 29.97, 2.12
KoNViD_1k_videos/8494495600.mp4, 8.008, 23.976023976023978, 3.74
KoNViD_1k_videos/3781419322.mp4, 8.008, 23.976023976023978, 2.89787234
KoNViD_1k_videos/8254380270.mp4, 8.0, 24.0, 3.16
KoNViD_1k_videos/7863416600.mp4, 8.008, 29.97002997002997, 1.78
KoNViD_1k_videos/4297792287.mp4, 8.0, 25.0, 3.78
KoNViD_1k_videos/8510251919.mp4, 8.008, 29.97002997002997, 3.66
KoNViD_1k_videos/4573734018.mp4, 8.008, 29.97002997002997, 3.3
KoNViD_1k_videos/5562932712.mp4, 8.008, 23.976023976023978, 3.9
KoNViD_1k_videos/7693986854.mp4, 8.008, 29.97002997002997, 3.1
KoNViD_1k_videos/7959542546.mp4, 8.0, 24.0, 2.64
KoNViD_1k_videos/7962972726.mp4, 8.008, 29.97002997002997, 2.18
KoNViD_1k_videos/11618284403.mp4, 8.008, 29.97002997002997, 4.12
KoNViD_1k_videos/6215522900.mp4, 8.008, 29.97002997002997, 3.48
KoNViD_1k_videos/6804829908.mp4, 8.008, 29.97002997002997, 2.96
KoNViD_1k_videos/6416687735.mp4, 8.008, 29.97002997002997, 3.36
KoNViD_1k_videos/5003956763.mp4, 8.008, 29.97002997002997, 3.598455598
KoNViD_1k_videos/3718963712.mp4, 8.0, 24.0, 3.66
KoNViD_1k_videos/3482706595.mp4, 8.008, 29.97002997002997, 3.2
KoNViD_1k_videos/6106291030.mp4, 8.008, 23.976023976023978, 3.6
KoNViD_1k_videos/6847647728.mp4, 8.008, 29.97002997002997, 3.68
KoNViD_1k_videos/7054450817.mp4, 8.0, 24.0, 3.46
KoNViD_1k_videos/7558781186.mp4, 8.0, 25.0, 1.68
KoNViD_1k_videos/12378508014.mp4, 8.0, 25.0, 4.035573123
KoNViD_1k_videos/10132105415.mp4, 8.008008, 29.97, 1.64
KoNViD_1k_videos/4975471705.mp4, 8.008, 29.97002997002997, 3.78
KoNViD_1k_videos/5717841095.mp4, 8.008, 23.976023976023978, 3.02
KoNViD_1k_videos/6212970517.mp4, 8.008, 29.97002997002997, 2.06
KoNViD_1k_videos/9583034514.mp4, 8.008008, 29.97, 3.88
KoNViD_1k_videos/10406095776.mp4, 8.008008, 29.97, 2.62
KoNViD_1k_videos/8635322862.mp4, 8.008, 29.97002997002997, 2.36
KoNViD_1k_videos/5354932311.mp4, 8.0, 24.0, 3.480314961
KoNViD_1k_videos/5668545266.mp4, 8.0, 24.0, 2.46
KoNViD_1k_videos/4201416279.mp4, 8.008, 29.97002997002997, 3.72
KoNViD_1k_videos/8324243833.mp4, 8.008, 29.97002997002997, 2.16
KoNViD_1k_videos/6439107119.mp4, 8.008, 29.97002997002997, 3.08
KoNViD_1k_videos/8396734122.mp4, 8.0, 24.0, 2.84
KoNViD_1k_videos/10027007645.mp4, 8.008008, 29.97, 3.8
KoNViD_1k_videos/5176278265.mp4, 8.008, 29.97002997002997, 3.12
KoNViD_1k_videos/3747645672.mp4, 8.0, 24.0, 3.82
KoNViD_1k_videos/5127033299.mp4, 8.008, 29.97002997002997, 3.28
KoNViD_1k_videos/6104508040.mp4, 8.008, 29.97002997002997, 3.08
KoNViD_1k_videos/8632107216.mp4, 8.008, 29.97002997002997, 2.32
KoNViD_1k_videos/4159445902.mp4, 8.008, 23.976023976023978, 2.52
KoNViD_1k_videos/8933125503.mp4, 8.008008, 29.97, 2.4
KoNViD_1k_videos/7198246948.mp4, 8.008, 29.97002997002997, 3.42
KoNViD_1k_videos/4673672619.mp4, 8.008, 29.97002997002997, 3.7
KoNViD_1k_videos/12143576166.mp4, 8.008008, 29.97, 3.44
KoNViD_1k_videos/6079632868.mp4, 8.0, 25.0, 3.3
KoNViD_1k_videos/8522230898.mp4, 8.008, 23.976023976023978, 3.34
KoNViD_1k_videos/6916420878.mp4, 8.0, 24.0, 2.84
KoNViD_1k_videos/8730797431.mp4, 8.008, 29.97002997002997, 3.7
KoNViD_1k_videos/4735334918.mp4, 8.008, 29.97002997002997, 2.28
KoNViD_1k_videos/6272702003.mp4, 8.008, 29.97002997002997, 3.5
KoNViD_1k_videos/5311187352.mp4, 8.008, 29.97002997002997, 2.88
KoNViD_1k_videos/13042523904.mp4, 8.008, 29.97002997002997, 3.12
KoNViD_1k_videos/10691750555.mp4, 8.008008, 23.976, 2.84
KoNViD_1k_videos/5539585646.mp4, 8.008, 29.97002997002997, 3.26
KoNViD_1k_videos/6300963347.mp4, 8.008, 29.97002997002997, 3.58
KoNViD_1k_videos/4329911079.mp4, 8.008, 29.97002997002997, 4.02
KoNViD_1k_videos/7722155622.mp4, 8.0, 24.0, 2.36
KoNViD_1k_videos/4491961485.mp4, 8.0, 24.0, 3.08
KoNViD_1k_videos/7547764246.mp4, 8.008, 29.97002997002997, 3.28
KoNViD_1k_videos/6041834062.mp4, 8.008, 29.97002997002997, 3.32
KoNViD_1k_videos/6004183559.mp4, 8.008, 29.97002997002997, 3.38
KoNViD_1k_videos/10128248563.mp4, 8.008008, 29.97, 2.86
KoNViD_1k_videos/6012598017.mp4, 8.008, 29.97002997002997, 3.36
KoNViD_1k_videos/6061346837.mp4, 8.008, 29.97002997002997, 2.78
KoNViD_1k_videos/6416725133.mp4, 8.008, 29.97002997002997, 3.76
KoNViD_1k_videos/8266961231.mp4, 8.008, 29.97002997002997, 3.14
KoNViD_1k_videos/6868748154.mp4, 8.0, 25.0, 3.26
KoNViD_1k_videos/5912268467.mp4, 8.008, 29.97002997002997, 3.34
KoNViD_1k_videos/10404182556.mp4, 8.008008, 29.97, 2.32
