A0000_10_00.bmp, -1, -1, -1
A0000_10_01.bmp, -1, -1, -1
A0000_10_02.bmp, -1, -1, -1
A0000_10_03.bmp, -1, -1, -1
A0000_10_04.bmp, -1, -1, -1
A0000_10_05.bmp, -1, -1, -1
A0000_10_06.bmp, -1, -1, -1
A0000_10_07.bmp, -1, -1, -1
A0000_10_08.bmp, -1, -1, -1
A0000_10_10.bmp, -1, -1, -1
A0000_10_11.bmp, -1, -1, -1
A0000_10_12.bmp, -1, -1, -1
A0000_10_14.bmp, -1, -1, -1
A0000_10_15.bmp, -1, -1, -1
A0000_10_16.bmp, -1, -1, -1
A0000_10_17.bmp, -1, -1, -1
A0000_10_18.bmp, -1, -1, -1
A0000_10_19.bmp, -1, -1, -1
A0000_10_20.bmp, -1, -1, -1
A0000_10_21.bmp, -1, -1, -1
A0000_10_24.bmp, -1, -1, -1
A0000_10_26.bmp, -1, -1, -1
A0000_10_27.bmp, -1, -1, -1
A0000_10_28.bmp, -1, -1, -1
A0000_10_29.bmp, -1, -1, -1
A0000_10_30.bmp, -1, -1, -1
A0000_10_31.bmp, -1, -1, -1
A0000_10_32.bmp, -1, -1, -1
A0000_10_34.bmp, -1, -1, -1
A0000_10_35.bmp, -1, -1, -1
A0000_10_36.bmp, -1, -1, -1
A0000_10_37.bmp, -1, -1, -1
A0000_10_38.bmp, -1, -1, -1
A0000_10_39.bmp, -1, -1, -1
A0000_10_40.bmp, -1, -1, -1
A0000_10_41.bmp, -1, -1, -1
A0000_10_42.bmp, -1, -1, -1
A0000_10_43.bmp, -1, -1, -1
A0000_10_44.bmp, -1, -1, -1
A0000_10_46.bmp, -1, -1, -1
A0000_10_47.bmp, -1, -1, -1
A0000_10_48.bmp, -1, -1, -1
A0000_10_49.bmp, -1, -1, -1
A0000_10_50.bmp, -1, -1, -1
A0000_10_51.bmp, -1, -1, -1
A0000_10_52.bmp, -1, -1, -1
A0000_10_53.bmp, -1, -1, -1
A0000_10_54.bmp, -1, -1, -1
A0000_10_55.bmp, -1, -1, -1
A0000_10_56.bmp, -1, -1, -1
A0000_10_58.bmp, -1, -1, -1
A0000_10_61.bmp, -1, -1, -1
A0000_10_62.bmp, -1, -1, -1
A0000_10_63.bmp, -1, -1, -1
A0000_10_64.bmp, -1, -1, -1
A0000_10_65.bmp, -1, -1, -1
A0000_10_66.bmp, -1, -1, -1
A0000_10_67.bmp, -1, -1, -1
A0000_10_68.bmp, -1, -1, -1
A0000_10_69.bmp, -1, -1, -1
A0000_10_70.bmp, -1, -1, -1
A0000_10_71.bmp, -1, -1, -1
A0000_10_72.bmp, -1, -1, -1
A0000_10_73.bmp, -1, -1, -1
A0000_10_74.bmp, -1, -1, -1
A0000_10_75.bmp, -1, -1, -1
A0004_10_00.bmp, -1, -1, -1
A0004_10_01.bmp, -1, -1, -1
A0004_10_02.bmp, -1, -1, -1
A0004_10_03.bmp, -1, -1, -1
A0004_10_04.bmp, -1, -1, -1
A0004_10_05.bmp, -1, -1, -1
A0004_10_06.bmp, -1, -1, -1
A0004_10_07.bmp, -1, -1, -1
A0004_10_08.bmp, -1, -1, -1
A0004_10_10.bmp, -1, -1, -1
A0004_10_11.bmp, -1, -1, -1
A0004_10_12.bmp, -1, -1, -1
A0004_10_14.bmp, -1, -1, -1
A0004_10_15.bmp, -1, -1, -1
A0004_10_16.bmp, -1, -1, -1
A0004_10_17.bmp, -1, -1, -1
A0004_10_18.bmp, -1, -1, -1
A0004_10_19.bmp, -1, -1, -1
A0004_10_20.bmp, -1, -1, -1
A0004_10_21.bmp, -1, -1, -1
A0004_10_24.bmp, -1, -1, -1
A0004_10_26.bmp, -1, -1, -1
A0004_10_27.bmp, -1, -1, -1
A0004_10_28.bmp, -1, -1, -1
A0004_10_29.bmp, -1, -1, -1
A0004_10_30.bmp, -1, -1, -1
A0004_10_31.bmp, -1, -1, -1
A0004_10_32.bmp, -1, -1, -1
A0004_10_34.bmp, -1, -1, -1
A0004_10_35.bmp, -1, -1, -1
A0004_10_36.bmp, -1, -1, -1
A0004_10_37.bmp, -1, -1, -1
A0004_10_38.bmp, -1, -1, -1
A0004_10_39.bmp, -1, -1, -1
A0004_10_40.bmp, -1, -1, -1
A0004_10_41.bmp, -1, -1, -1
A0004_10_42.bmp, -1, -1, -1
A0004_10_43.bmp, -1, -1, -1
A0004_10_44.bmp, -1, -1, -1
A0004_10_46.bmp, -1, -1, -1
A0004_10_47.bmp, -1, -1, -1
A0004_10_48.bmp, -1, -1, -1
A0004_10_49.bmp, -1, -1, -1
A0004_10_50.bmp, -1, -1, -1
A0004_10_51.bmp, -1, -1, -1
A0004_10_52.bmp, -1, -1, -1
A0004_10_53.bmp, -1, -1, -1
A0004_10_54.bmp, -1, -1, -1
A0004_10_55.bmp, -1, -1, -1
A0004_10_56.bmp, -1, -1, -1
A0004_10_58.bmp, -1, -1, -1
A0004_10_61.bmp, -1, -1, -1
A0004_10_62.bmp, -1, -1, -1
A0004_10_63.bmp, -1, -1, -1
A0004_10_64.bmp, -1, -1, -1
A0004_10_65.bmp, -1, -1, -1
A0004_10_66.bmp, -1, -1, -1
A0004_10_67.bmp, -1, -1, -1
A0004_10_68.bmp, -1, -1, -1
A0004_10_69.bmp, -1, -1, -1
A0004_10_70.bmp, -1, -1, -1
A0004_10_71.bmp, -1, -1, -1
A0004_10_72.bmp, -1, -1, -1
A0004_10_73.bmp, -1, -1, -1
A0004_10_74.bmp, -1, -1, -1
A0004_10_75.bmp, -1, -1, -1
A0011_10_00.bmp, -1, -1, -1
A0011_10_01.bmp, -1, -1, -1
A0011_10_02.bmp, -1, -1, -1
A0011_10_03.bmp, -1, -1, -1
A0011_10_04.bmp, -1, -1, -1
A0011_10_05.bmp, -1, -1, -1
A0011_10_06.bmp, -1, -1, -1
A0011_10_07.bmp, -1, -1, -1
A0011_10_08.bmp, -1, -1, -1
A0011_10_10.bmp, -1, -1, -1
A0011_10_11.bmp, -1, -1, -1
A0011_10_12.bmp, -1, -1, -1
A0011_10_14.bmp, -1, -1, -1
A0011_10_15.bmp, -1, -1, -1
A0011_10_16.bmp, -1, -1, -1
A0011_10_17.bmp, -1, -1, -1
A0011_10_18.bmp, -1, -1, -1
A0011_10_19.bmp, -1, -1, -1
A0011_10_20.bmp, -1, -1, -1
A0011_10_21.bmp, -1, -1, -1
A0011_10_24.bmp, -1, -1, -1
A0011_10_26.bmp, -1, -1, -1
A0011_10_27.bmp, -1, -1, -1
A0011_10_28.bmp, -1, -1, -1
A0011_10_29.bmp, -1, -1, -1
A0011_10_30.bmp, -1, -1, -1
A0011_10_31.bmp, -1, -1, -1
A0011_10_32.bmp, -1, -1, -1
A0011_10_34.bmp, -1, -1, -1
A0011_10_35.bmp, -1, -1, -1
A0011_10_36.bmp, -1, -1, -1
A0011_10_37.bmp, -1, -1, -1
A0011_10_38.bmp, -1, -1, -1
A0011_10_39.bmp, -1, -1, -1
A0011_10_40.bmp, -1, -1, -1
A0011_10_41.bmp, -1, -1, -1
A0011_10_42.bmp, -1, -1, -1
A0011_10_43.bmp, -1, -1, -1
A0011_10_44.bmp, -1, -1, -1
A0011_10_46.bmp, -1, -1, -1
A0011_10_47.bmp, -1, -1, -1
A0011_10_48.bmp, -1, -1, -1
A0011_10_49.bmp, -1, -1, -1
A0011_10_50.bmp, -1, -1, -1
A0011_10_51.bmp, -1, -1, -1
A0011_10_52.bmp, -1, -1, -1
A0011_10_53.bmp, -1, -1, -1
A0011_10_54.bmp, -1, -1, -1
A0011_10_55.bmp, -1, -1, -1
A0011_10_56.bmp, -1, -1, -1
A0011_10_58.bmp, -1, -1, -1
A0011_10_61.bmp, -1, -1, -1
A0011_10_62.bmp, -1, -1, -1
A0011_10_63.bmp, -1, -1, -1
A0011_10_64.bmp, -1, -1, -1
A0011_10_65.bmp, -1, -1, -1
A0011_10_66.bmp, -1, -1, -1
A0011_10_67.bmp, -1, -1, -1
A0011_10_68.bmp, -1, -1, -1
A0011_10_69.bmp, -1, -1, -1
A0011_10_70.bmp, -1, -1, -1
A0011_10_71.bmp, -1, -1, -1
A0011_10_72.bmp, -1, -1, -1
A0011_10_73.bmp, -1, -1, -1
A0011_10_74.bmp, -1, -1, -1
A0011_10_75.bmp, -1, -1, -1
A0022_10_00.bmp, -1, -1, -1
A0022_10_01.bmp, -1, -1, -1
A0022_10_02.bmp, -1, -1, -1
A0022_10_03.bmp, -1, -1, -1
A0022_10_04.bmp, -1, -1, -1
A0022_10_05.bmp, -1, -1, -1
A0022_10_06.bmp, -1, -1, -1
A0022_10_07.bmp, -1, -1, -1
A0022_10_08.bmp, -1, -1, -1
A0022_10_10.bmp, -1, -1, -1
A0022_10_11.bmp, -1, -1, -1
A0022_10_12.bmp, -1, -1, -1
A0022_10_14.bmp, -1, -1, -1
A0022_10_15.bmp, -1, -1, -1
A0022_10_16.bmp, -1, -1, -1
A0022_10_17.bmp, -1, -1, -1
A0022_10_18.bmp, -1, -1, -1
A0022_10_19.bmp, -1, -1, -1
A0022_10_20.bmp, -1, -1, -1
A0022_10_21.bmp, -1, -1, -1
A0022_10_24.bmp, -1, -1, -1
A0022_10_26.bmp, -1, -1, -1
A0022_10_27.bmp, -1, -1, -1
A0022_10_28.bmp, -1, -1, -1
A0022_10_29.bmp, -1, -1, -1
A0022_10_30.bmp, -1, -1, -1
A0022_10_31.bmp, -1, -1, -1
A0022_10_32.bmp, -1, -1, -1
A0022_10_34.bmp, -1, -1, -1
A0022_10_35.bmp, -1, -1, -1
A0022_10_36.bmp, -1, -1, -1
A0022_10_37.bmp, -1, -1, -1
A0022_10_38.bmp, -1, -1, -1
A0022_10_39.bmp, -1, -1, -1
A0022_10_40.bmp, -1, -1, -1
A0022_10_41.bmp, -1, -1, -1
A0022_10_42.bmp, -1, -1, -1
A0022_10_43.bmp, -1, -1, -1
A0022_10_44.bmp, -1, -1, -1
A0022_10_46.bmp, -1, -1, -1
A0022_10_47.bmp, -1, -1, -1
A0022_10_48.bmp, -1, -1, -1
A0022_10_49.bmp, -1, -1, -1
A0022_10_50.bmp, -1, -1, -1
A0022_10_51.bmp, -1, -1, -1
A0022_10_52.bmp, -1, -1, -1
A0022_10_53.bmp, -1, -1, -1
A0022_10_54.bmp, -1, -1, -1
A0022_10_55.bmp, -1, -1, -1
A0022_10_56.bmp, -1, -1, -1
A0022_10_58.bmp, -1, -1, -1
A0022_10_61.bmp, -1, -1, -1
A0022_10_62.bmp, -1, -1, -1
A0022_10_63.bmp, -1, -1, -1
A0022_10_64.bmp, -1, -1, -1
A0022_10_65.bmp, -1, -1, -1
A0022_10_66.bmp, -1, -1, -1
A0022_10_67.bmp, -1, -1, -1
A0022_10_68.bmp, -1, -1, -1
A0022_10_69.bmp, -1, -1, -1
A0022_10_70.bmp, -1, -1, -1
A0022_10_71.bmp, -1, -1, -1
A0022_10_72.bmp, -1, -1, -1
A0022_10_73.bmp, -1, -1, -1
A0022_10_74.bmp, -1, -1, -1
A0022_10_75.bmp, -1, -1, -1
A0033_10_00.bmp, -1, -1, -1
A0033_10_01.bmp, -1, -1, -1
A0033_10_02.bmp, -1, -1, -1
A0033_10_03.bmp, -1, -1, -1
A0033_10_04.bmp, -1, -1, -1
A0033_10_05.bmp, -1, -1, -1
A0033_10_06.bmp, -1, -1, -1
A0033_10_07.bmp, -1, -1, -1
A0033_10_08.bmp, -1, -1, -1
A0033_10_10.bmp, -1, -1, -1
A0033_10_11.bmp, -1, -1, -1
A0033_10_12.bmp, -1, -1, -1
A0033_10_14.bmp, -1, -1, -1
A0033_10_15.bmp, -1, -1, -1
A0033_10_16.bmp, -1, -1, -1
A0033_10_17.bmp, -1, -1, -1
A0033_10_18.bmp, -1, -1, -1
A0033_10_19.bmp, -1, -1, -1
A0033_10_20.bmp, -1, -1, -1
A0033_10_21.bmp, -1, -1, -1
A0033_10_24.bmp, -1, -1, -1
A0033_10_26.bmp, -1, -1, -1
A0033_10_27.bmp, -1, -1, -1
A0033_10_28.bmp, -1, -1, -1
A0033_10_29.bmp, -1, -1, -1
A0033_10_30.bmp, -1, -1, -1
A0033_10_31.bmp, -1, -1, -1
A0033_10_32.bmp, -1, -1, -1
A0033_10_34.bmp, -1, -1, -1
A0033_10_35.bmp, -1, -1, -1
A0033_10_36.bmp, -1, -1, -1
A0033_10_37.bmp, -1, -1, -1
A0033_10_38.bmp, -1, -1, -1
A0033_10_39.bmp, -1, -1, -1
A0033_10_40.bmp, -1, -1, -1
A0033_10_41.bmp, -1, -1, -1
A0033_10_42.bmp, -1, -1, -1
A0033_10_43.bmp, -1, -1, -1
A0033_10_44.bmp, -1, -1, -1
A0033_10_46.bmp, -1, -1, -1
A0033_10_47.bmp, -1, -1, -1
A0033_10_48.bmp, -1, -1, -1
A0033_10_49.bmp, -1, -1, -1
A0033_10_50.bmp, -1, -1, -1
A0033_10_51.bmp, -1, -1, -1
A0033_10_52.bmp, -1, -1, -1
A0033_10_53.bmp, -1, -1, -1
A0033_10_54.bmp, -1, -1, -1
A0033_10_55.bmp, -1, -1, -1
A0033_10_56.bmp, -1, -1, -1
A0033_10_58.bmp, -1, -1, -1
A0033_10_61.bmp, -1, -1, -1
A0033_10_62.bmp, -1, -1, -1
A0033_10_63.bmp, -1, -1, -1
A0033_10_64.bmp, -1, -1, -1
A0033_10_65.bmp, -1, -1, -1
A0033_10_66.bmp, -1, -1, -1
A0033_10_67.bmp, -1, -1, -1
A0033_10_68.bmp, -1, -1, -1
A0033_10_69.bmp, -1, -1, -1
A0033_10_70.bmp, -1, -1, -1
A0033_10_71.bmp, -1, -1, -1
A0033_10_72.bmp, -1, -1, -1
A0033_10_73.bmp, -1, -1, -1
A0033_10_74.bmp, -1, -1, -1
A0033_10_75.bmp, -1, -1, -1
A0036_10_00.bmp, -1, -1, -1
A0036_10_01.bmp, -1, -1, -1
A0036_10_02.bmp, -1, -1, -1
A0036_10_03.bmp, -1, -1, -1
A0036_10_04.bmp, -1, -1, -1
A0036_10_05.bmp, -1, -1, -1
A0036_10_06.bmp, -1, -1, -1
A0036_10_07.bmp, -1, -1, -1
A0036_10_08.bmp, -1, -1, -1
A0036_10_10.bmp, -1, -1, -1
A0036_10_11.bmp, -1, -1, -1
A0036_10_12.bmp, -1, -1, -1
A0036_10_14.bmp, -1, -1, -1
A0036_10_15.bmp, -1, -1, -1
A0036_10_16.bmp, -1, -1, -1
A0036_10_17.bmp, -1, -1, -1
A0036_10_18.bmp, -1, -1, -1
A0036_10_19.bmp, -1, -1, -1
A0036_10_20.bmp, -1, -1, -1
A0036_10_21.bmp, -1, -1, -1
A0036_10_24.bmp, -1, -1, -1
A0036_10_26.bmp, -1, -1, -1
A0036_10_27.bmp, -1, -1, -1
A0036_10_28.bmp, -1, -1, -1
A0036_10_29.bmp, -1, -1, -1
A0036_10_30.bmp, -1, -1, -1
A0036_10_31.bmp, -1, -1, -1
A0036_10_32.bmp, -1, -1, -1
A0036_10_34.bmp, -1, -1, -1
A0036_10_35.bmp, -1, -1, -1
A0036_10_36.bmp, -1, -1, -1
A0036_10_37.bmp, -1, -1, -1
A0036_10_38.bmp, -1, -1, -1
A0036_10_39.bmp, -1, -1, -1
A0036_10_40.bmp, -1, -1, -1
A0036_10_41.bmp, -1, -1, -1
A0036_10_42.bmp, -1, -1, -1
A0036_10_43.bmp, -1, -1, -1
A0036_10_44.bmp, -1, -1, -1
A0036_10_46.bmp, -1, -1, -1
A0036_10_47.bmp, -1, -1, -1
A0036_10_48.bmp, -1, -1, -1
A0036_10_49.bmp, -1, -1, -1
A0036_10_50.bmp, -1, -1, -1
A0036_10_51.bmp, -1, -1, -1
A0036_10_52.bmp, -1, -1, -1
A0036_10_53.bmp, -1, -1, -1
A0036_10_54.bmp, -1, -1, -1
A0036_10_55.bmp, -1, -1, -1
A0036_10_56.bmp, -1, -1, -1
A0036_10_58.bmp, -1, -1, -1
A0036_10_61.bmp, -1, -1, -1
A0036_10_62.bmp, -1, -1, -1
A0036_10_63.bmp, -1, -1, -1
A0036_10_64.bmp, -1, -1, -1
A0036_10_65.bmp, -1, -1, -1
A0036_10_66.bmp, -1, -1, -1
A0036_10_67.bmp, -1, -1, -1
A0036_10_68.bmp, -1, -1, -1
A0036_10_69.bmp, -1, -1, -1
A0036_10_70.bmp, -1, -1, -1
A0036_10_71.bmp, -1, -1, -1
A0036_10_72.bmp, -1, -1, -1
A0036_10_73.bmp, -1, -1, -1
A0036_10_74.bmp, -1, -1, -1
A0036_10_75.bmp, -1, -1, -1
A0071_10_00.bmp, -1, -1, -1
A0071_10_01.bmp, -1, -1, -1
A0071_10_02.bmp, -1, -1, -1
A0071_10_03.bmp, -1, -1, -1
A0071_10_04.bmp, -1, -1, -1
A0071_10_05.bmp, -1, -1, -1
A0071_10_06.bmp, -1, -1, -1
A0071_10_07.bmp, -1, -1, -1
A0071_10_08.bmp, -1, -1, -1
A0071_10_10.bmp, -1, -1, -1
A0071_10_11.bmp, -1, -1, -1
A0071_10_12.bmp, -1, -1, -1
A0071_10_14.bmp, -1, -1, -1
A0071_10_15.bmp, -1, -1, -1
A0071_10_16.bmp, -1, -1, -1
A0071_10_17.bmp, -1, -1, -1
A0071_10_18.bmp, -1, -1, -1
A0071_10_19.bmp, -1, -1, -1
A0071_10_20.bmp, -1, -1, -1
A0071_10_21.bmp, -1, -1, -1
A0071_10_24.bmp, -1, -1, -1
A0071_10_26.bmp, -1, -1, -1
A0071_10_27.bmp, -1, -1, -1
A0071_10_28.bmp, -1, -1, -1
A0071_10_29.bmp, -1, -1, -1
A0071_10_30.bmp, -1, -1, -1
A0071_10_31.bmp, -1, -1, -1
A0071_10_32.bmp, -1, -1, -1
A0071_10_34.bmp, -1, -1, -1
A0071_10_35.bmp, -1, -1, -1
A0071_10_36.bmp, -1, -1, -1
A0071_10_37.bmp, -1, -1, -1
A0071_10_38.bmp, -1, -1, -1
A0071_10_39.bmp, -1, -1, -1
A0071_10_40.bmp, -1, -1, -1
A0071_10_41.bmp, -1, -1, -1
A0071_10_42.bmp, -1, -1, -1
A0071_10_43.bmp, -1, -1, -1
A0071_10_44.bmp, -1, -1, -1
A0071_10_46.bmp, -1, -1, -1
A0071_10_47.bmp, -1, -1, -1
A0071_10_48.bmp, -1, -1, -1
A0071_10_49.bmp, -1, -1, -1
A0071_10_50.bmp, -1, -1, -1
A0071_10_51.bmp, -1, -1, -1
A0071_10_52.bmp, -1, -1, -1
A0071_10_53.bmp, -1, -1, -1
A0071_10_54.bmp, -1, -1, -1
A0071_10_55.bmp, -1, -1, -1
A0071_10_56.bmp, -1, -1, -1
A0071_10_58.bmp, -1, -1, -1
A0071_10_61.bmp, -1, -1, -1
A0071_10_62.bmp, -1, -1, -1
A0071_10_63.bmp, -1, -1, -1
A0071_10_64.bmp, -1, -1, -1
A0071_10_65.bmp, -1, -1, -1
A0071_10_66.bmp, -1, -1, -1
A0071_10_67.bmp, -1, -1, -1
A0071_10_68.bmp, -1, -1, -1
A0071_10_69.bmp, -1, -1, -1
A0071_10_70.bmp, -1, -1, -1
A0071_10_71.bmp, -1, -1, -1
A0071_10_72.bmp, -1, -1, -1
A0071_10_73.bmp, -1, -1, -1
A0071_10_74.bmp, -1, -1, -1
A0071_10_75.bmp, -1, -1, -1
A0089_10_00.bmp, -1, -1, -1
A0089_10_01.bmp, -1, -1, -1
A0089_10_02.bmp, -1, -1, -1
A0089_10_03.bmp, -1, -1, -1
A0089_10_04.bmp, -1, -1, -1
A0089_10_05.bmp, -1, -1, -1
A0089_10_06.bmp, -1, -1, -1
A0089_10_07.bmp, -1, -1, -1
A0089_10_08.bmp, -1, -1, -1
A0089_10_10.bmp, -1, -1, -1
A0089_10_11.bmp, -1, -1, -1
A0089_10_12.bmp, -1, -1, -1
A0089_10_14.bmp, -1, -1, -1
A0089_10_15.bmp, -1, -1, -1
A0089_10_16.bmp, -1, -1, -1
A0089_10_17.bmp, -1, -1, -1
A0089_10_18.bmp, -1, -1, -1
A0089_10_19.bmp, -1, -1, -1
A0089_10_20.bmp, -1, -1, -1
A0089_10_21.bmp, -1, -1, -1
A0089_10_24.bmp, -1, -1, -1
A0089_10_26.bmp, -1, -1, -1
A0089_10_27.bmp, -1, -1, -1
A0089_10_28.bmp, -1, -1, -1
A0089_10_29.bmp, -1, -1, -1
A0089_10_30.bmp, -1, -1, -1
A0089_10_31.bmp, -1, -1, -1
A0089_10_32.bmp, -1, -1, -1
A0089_10_34.bmp, -1, -1, -1
A0089_10_35.bmp, -1, -1, -1
A0089_10_36.bmp, -1, -1, -1
A0089_10_37.bmp, -1, -1, -1
A0089_10_38.bmp, -1, -1, -1
A0089_10_39.bmp, -1, -1, -1
A0089_10_40.bmp, -1, -1, -1
A0089_10_41.bmp, -1, -1, -1
A0089_10_42.bmp, -1, -1, -1
A0089_10_43.bmp, -1, -1, -1
A0089_10_44.bmp, -1, -1, -1
A0089_10_46.bmp, -1, -1, -1
A0089_10_47.bmp, -1, -1, -1
A0089_10_48.bmp, -1, -1, -1
A0089_10_49.bmp, -1, -1, -1
A0089_10_50.bmp, -1, -1, -1
A0089_10_51.bmp, -1, -1, -1
A0089_10_52.bmp, -1, -1, -1
A0089_10_53.bmp, -1, -1, -1
A0089_10_54.bmp, -1, -1, -1
A0089_10_55.bmp, -1, -1, -1
A0089_10_56.bmp, -1, -1, -1
A0089_10_58.bmp, -1, -1, -1
A0089_10_61.bmp, -1, -1, -1
A0089_10_62.bmp, -1, -1, -1
A0089_10_63.bmp, -1, -1, -1
A0089_10_64.bmp, -1, -1, -1
A0089_10_65.bmp, -1, -1, -1
A0089_10_66.bmp, -1, -1, -1
A0089_10_67.bmp, -1, -1, -1
A0089_10_68.bmp, -1, -1, -1
A0089_10_69.bmp, -1, -1, -1
A0089_10_70.bmp, -1, -1, -1
A0089_10_71.bmp, -1, -1, -1
A0089_10_72.bmp, -1, -1, -1
A0089_10_73.bmp, -1, -1, -1
A0089_10_74.bmp, -1, -1, -1
A0089_10_75.bmp, -1, -1, -1
A0095_10_00.bmp, -1, -1, -1
A0095_10_01.bmp, -1, -1, -1
A0095_10_02.bmp, -1, -1, -1
A0095_10_03.bmp, -1, -1, -1
A0095_10_04.bmp, -1, -1, -1
A0095_10_05.bmp, -1, -1, -1
A0095_10_06.bmp, -1, -1, -1
A0095_10_07.bmp, -1, -1, -1
A0095_10_08.bmp, -1, -1, -1
A0095_10_10.bmp, -1, -1, -1
A0095_10_11.bmp, -1, -1, -1
A0095_10_12.bmp, -1, -1, -1
A0095_10_14.bmp, -1, -1, -1
A0095_10_15.bmp, -1, -1, -1
A0095_10_16.bmp, -1, -1, -1
A0095_10_17.bmp, -1, -1, -1
A0095_10_18.bmp, -1, -1, -1
A0095_10_19.bmp, -1, -1, -1
A0095_10_20.bmp, -1, -1, -1
A0095_10_21.bmp, -1, -1, -1
A0095_10_24.bmp, -1, -1, -1
A0095_10_26.bmp, -1, -1, -1
A0095_10_27.bmp, -1, -1, -1
A0095_10_28.bmp, -1, -1, -1
A0095_10_29.bmp, -1, -1, -1
A0095_10_30.bmp, -1, -1, -1
A0095_10_31.bmp, -1, -1, -1
A0095_10_32.bmp, -1, -1, -1
A0095_10_34.bmp, -1, -1, -1
A0095_10_35.bmp, -1, -1, -1
A0095_10_36.bmp, -1, -1, -1
A0095_10_37.bmp, -1, -1, -1
A0095_10_38.bmp, -1, -1, -1
A0095_10_39.bmp, -1, -1, -1
A0095_10_40.bmp, -1, -1, -1
A0095_10_41.bmp, -1, -1, -1
A0095_10_42.bmp, -1, -1, -1
A0095_10_43.bmp, -1, -1, -1
A0095_10_44.bmp, -1, -1, -1
A0095_10_46.bmp, -1, -1, -1
A0095_10_47.bmp, -1, -1, -1
A0095_10_48.bmp, -1, -1, -1
A0095_10_49.bmp, -1, -1, -1
A0095_10_50.bmp, -1, -1, -1
A0095_10_51.bmp, -1, -1, -1
A0095_10_52.bmp, -1, -1, -1
A0095_10_53.bmp, -1, -1, -1
A0095_10_54.bmp, -1, -1, -1
A0095_10_55.bmp, -1, -1, -1
A0095_10_56.bmp, -1, -1, -1
A0095_10_58.bmp, -1, -1, -1
A0095_10_61.bmp, -1, -1, -1
A0095_10_62.bmp, -1, -1, -1
A0095_10_63.bmp, -1, -1, -1
A0095_10_64.bmp, -1, -1, -1
A0095_10_65.bmp, -1, -1, -1
A0095_10_66.bmp, -1, -1, -1
A0095_10_67.bmp, -1, -1, -1
A0095_10_68.bmp, -1, -1, -1
A0095_10_69.bmp, -1, -1, -1
A0095_10_70.bmp, -1, -1, -1
A0095_10_71.bmp, -1, -1, -1
A0095_10_72.bmp, -1, -1, -1
A0095_10_73.bmp, -1, -1, -1
A0095_10_74.bmp, -1, -1, -1
A0095_10_75.bmp, -1, -1, -1
A0111_10_00.bmp, -1, -1, -1
A0111_10_01.bmp, -1, -1, -1
A0111_10_02.bmp, -1, -1, -1
A0111_10_03.bmp, -1, -1, -1
A0111_10_04.bmp, -1, -1, -1
A0111_10_05.bmp, -1, -1, -1
A0111_10_06.bmp, -1, -1, -1
A0111_10_07.bmp, -1, -1, -1
A0111_10_08.bmp, -1, -1, -1
A0111_10_10.bmp, -1, -1, -1
A0111_10_11.bmp, -1, -1, -1
A0111_10_12.bmp, -1, -1, -1
A0111_10_14.bmp, -1, -1, -1
A0111_10_15.bmp, -1, -1, -1
A0111_10_16.bmp, -1, -1, -1
A0111_10_17.bmp, -1, -1, -1
A0111_10_18.bmp, -1, -1, -1
A0111_10_19.bmp, -1, -1, -1
A0111_10_20.bmp, -1, -1, -1
A0111_10_21.bmp, -1, -1, -1
A0111_10_24.bmp, -1, -1, -1
A0111_10_26.bmp, -1, -1, -1
A0111_10_27.bmp, -1, -1, -1
A0111_10_28.bmp, -1, -1, -1
A0111_10_29.bmp, -1, -1, -1
A0111_10_30.bmp, -1, -1, -1
A0111_10_31.bmp, -1, -1, -1
A0111_10_32.bmp, -1, -1, -1
A0111_10_34.bmp, -1, -1, -1
A0111_10_35.bmp, -1, -1, -1
A0111_10_36.bmp, -1, -1, -1
A0111_10_37.bmp, -1, -1, -1
A0111_10_38.bmp, -1, -1, -1
A0111_10_39.bmp, -1, -1, -1
A0111_10_40.bmp, -1, -1, -1
A0111_10_41.bmp, -1, -1, -1
A0111_10_42.bmp, -1, -1, -1
A0111_10_43.bmp, -1, -1, -1
A0111_10_44.bmp, -1, -1, -1
A0111_10_46.bmp, -1, -1, -1
A0111_10_47.bmp, -1, -1, -1
A0111_10_48.bmp, -1, -1, -1
A0111_10_49.bmp, -1, -1, -1
A0111_10_50.bmp, -1, -1, -1
A0111_10_51.bmp, -1, -1, -1
A0111_10_52.bmp, -1, -1, -1
A0111_10_53.bmp, -1, -1, -1
A0111_10_54.bmp, -1, -1, -1
A0111_10_55.bmp, -1, -1, -1
A0111_10_56.bmp, -1, -1, -1
A0111_10_58.bmp, -1, -1, -1
A0111_10_61.bmp, -1, -1, -1
A0111_10_62.bmp, -1, -1, -1
A0111_10_63.bmp, -1, -1, -1
A0111_10_64.bmp, -1, -1, -1
A0111_10_65.bmp, -1, -1, -1
A0111_10_66.bmp, -1, -1, -1
A0111_10_67.bmp, -1, -1, -1
A0111_10_68.bmp, -1, -1, -1
A0111_10_69.bmp, -1, -1, -1
A0111_10_70.bmp, -1, -1, -1
A0111_10_71.bmp, -1, -1, -1
A0111_10_72.bmp, -1, -1, -1
A0111_10_73.bmp, -1, -1, -1
A0111_10_74.bmp, -1, -1, -1
A0111_10_75.bmp, -1, -1, -1
A0122_10_00.bmp, -1, -1, -1
A0122_10_01.bmp, -1, -1, -1
A0122_10_02.bmp, -1, -1, -1
A0122_10_03.bmp, -1, -1, -1
A0122_10_04.bmp, -1, -1, -1
A0122_10_05.bmp, -1, -1, -1
A0122_10_06.bmp, -1, -1, -1
A0122_10_07.bmp, -1, -1, -1
A0122_10_08.bmp, -1, -1, -1
A0122_10_10.bmp, -1, -1, -1
A0122_10_11.bmp, -1, -1, -1
A0122_10_12.bmp, -1, -1, -1
A0122_10_14.bmp, -1, -1, -1
A0122_10_15.bmp, -1, -1, -1
A0122_10_16.bmp, -1, -1, -1
A0122_10_17.bmp, -1, -1, -1
A0122_10_18.bmp, -1, -1, -1
A0122_10_19.bmp, -1, -1, -1
A0122_10_20.bmp, -1, -1, -1
A0122_10_21.bmp, -1, -1, -1
A0122_10_24.bmp, -1, -1, -1
A0122_10_26.bmp, -1, -1, -1
A0122_10_27.bmp, -1, -1, -1
A0122_10_28.bmp, -1, -1, -1
A0122_10_29.bmp, -1, -1, -1
A0122_10_30.bmp, -1, -1, -1
A0122_10_31.bmp, -1, -1, -1
A0122_10_32.bmp, -1, -1, -1
A0122_10_34.bmp, -1, -1, -1
A0122_10_35.bmp, -1, -1, -1
A0122_10_36.bmp, -1, -1, -1
A0122_10_37.bmp, -1, -1, -1
A0122_10_38.bmp, -1, -1, -1
A0122_10_39.bmp, -1, -1, -1
A0122_10_40.bmp, -1, -1, -1
A0122_10_41.bmp, -1, -1, -1
A0122_10_42.bmp, -1, -1, -1
A0122_10_43.bmp, -1, -1, -1
A0122_10_44.bmp, -1, -1, -1
A0122_10_46.bmp, -1, -1, -1
A0122_10_47.bmp, -1, -1, -1
A0122_10_48.bmp, -1, -1, -1
A0122_10_49.bmp, -1, -1, -1
A0122_10_50.bmp, -1, -1, -1
A0122_10_51.bmp, -1, -1, -1
A0122_10_52.bmp, -1, -1, -1
A0122_10_53.bmp, -1, -1, -1
A0122_10_54.bmp, -1, -1, -1
A0122_10_55.bmp, -1, -1, -1
A0122_10_56.bmp, -1, -1, -1
A0122_10_58.bmp, -1, -1, -1
A0122_10_61.bmp, -1, -1, -1
A0122_10_62.bmp, -1, -1, -1
A0122_10_63.bmp, -1, -1, -1
A0122_10_64.bmp, -1, -1, -1
A0122_10_65.bmp, -1, -1, -1
A0122_10_66.bmp, -1, -1, -1
A0122_10_67.bmp, -1, -1, -1
A0122_10_68.bmp, -1, -1, -1
A0122_10_69.bmp, -1, -1, -1
A0122_10_70.bmp, -1, -1, -1
A0122_10_71.bmp, -1, -1, -1
A0122_10_72.bmp, -1, -1, -1
A0122_10_73.bmp, -1, -1, -1
A0122_10_74.bmp, -1, -1, -1
A0122_10_75.bmp, -1, -1, -1
A0126_10_00.bmp, -1, -1, -1
A0126_10_01.bmp, -1, -1, -1
A0126_10_02.bmp, -1, -1, -1
A0126_10_03.bmp, -1, -1, -1
A0126_10_04.bmp, -1, -1, -1
A0126_10_05.bmp, -1, -1, -1
A0126_10_06.bmp, -1, -1, -1
A0126_10_07.bmp, -1, -1, -1
A0126_10_08.bmp, -1, -1, -1
A0126_10_10.bmp, -1, -1, -1
A0126_10_11.bmp, -1, -1, -1
A0126_10_12.bmp, -1, -1, -1
A0126_10_14.bmp, -1, -1, -1
A0126_10_15.bmp, -1, -1, -1
A0126_10_16.bmp, -1, -1, -1
A0126_10_17.bmp, -1, -1, -1
A0126_10_18.bmp, -1, -1, -1
A0126_10_19.bmp, -1, -1, -1
A0126_10_20.bmp, -1, -1, -1
A0126_10_21.bmp, -1, -1, -1
A0126_10_24.bmp, -1, -1, -1
A0126_10_26.bmp, -1, -1, -1
A0126_10_27.bmp, -1, -1, -1
A0126_10_28.bmp, -1, -1, -1
A0126_10_29.bmp, -1, -1, -1
A0126_10_30.bmp, -1, -1, -1
A0126_10_31.bmp, -1, -1, -1
A0126_10_32.bmp, -1, -1, -1
A0126_10_34.bmp, -1, -1, -1
A0126_10_35.bmp, -1, -1, -1
A0126_10_36.bmp, -1, -1, -1
A0126_10_37.bmp, -1, -1, -1
A0126_10_38.bmp, -1, -1, -1
A0126_10_39.bmp, -1, -1, -1
A0126_10_40.bmp, -1, -1, -1
A0126_10_41.bmp, -1, -1, -1
A0126_10_42.bmp, -1, -1, -1
A0126_10_43.bmp, -1, -1, -1
A0126_10_44.bmp, -1, -1, -1
A0126_10_46.bmp, -1, -1, -1
A0126_10_47.bmp, -1, -1, -1
A0126_10_48.bmp, -1, -1, -1
A0126_10_49.bmp, -1, -1, -1
A0126_10_50.bmp, -1, -1, -1
A0126_10_51.bmp, -1, -1, -1
A0126_10_52.bmp, -1, -1, -1
A0126_10_53.bmp, -1, -1, -1
A0126_10_54.bmp, -1, -1, -1
A0126_10_55.bmp, -1, -1, -1
A0126_10_56.bmp, -1, -1, -1
A0126_10_58.bmp, -1, -1, -1
A0126_10_61.bmp, -1, -1, -1
A0126_10_62.bmp, -1, -1, -1
A0126_10_63.bmp, -1, -1, -1
A0126_10_64.bmp, -1, -1, -1
A0126_10_65.bmp, -1, -1, -1
A0126_10_66.bmp, -1, -1, -1
A0126_10_67.bmp, -1, -1, -1
A0126_10_68.bmp, -1, -1, -1
A0126_10_69.bmp, -1, -1, -1
A0126_10_70.bmp, -1, -1, -1
A0126_10_71.bmp, -1, -1, -1
A0126_10_72.bmp, -1, -1, -1
A0126_10_73.bmp, -1, -1, -1
A0126_10_74.bmp, -1, -1, -1
A0126_10_75.bmp, -1, -1, -1
A0127_10_00.bmp, -1, -1, -1
A0127_10_01.bmp, -1, -1, -1
A0127_10_02.bmp, -1, -1, -1
A0127_10_03.bmp, -1, -1, -1
A0127_10_04.bmp, -1, -1, -1
A0127_10_05.bmp, -1, -1, -1
A0127_10_06.bmp, -1, -1, -1
A0127_10_07.bmp, -1, -1, -1
A0127_10_08.bmp, -1, -1, -1
A0127_10_10.bmp, -1, -1, -1
A0127_10_11.bmp, -1, -1, -1
A0127_10_12.bmp, -1, -1, -1
A0127_10_14.bmp, -1, -1, -1
A0127_10_15.bmp, -1, -1, -1
A0127_10_16.bmp, -1, -1, -1
A0127_10_17.bmp, -1, -1, -1
A0127_10_18.bmp, -1, -1, -1
A0127_10_19.bmp, -1, -1, -1
A0127_10_20.bmp, -1, -1, -1
A0127_10_21.bmp, -1, -1, -1
A0127_10_24.bmp, -1, -1, -1
A0127_10_26.bmp, -1, -1, -1
A0127_10_27.bmp, -1, -1, -1
A0127_10_28.bmp, -1, -1, -1
A0127_10_29.bmp, -1, -1, -1
A0127_10_30.bmp, -1, -1, -1
A0127_10_31.bmp, -1, -1, -1
A0127_10_32.bmp, -1, -1, -1
A0127_10_34.bmp, -1, -1, -1
A0127_10_35.bmp, -1, -1, -1
A0127_10_36.bmp, -1, -1, -1
A0127_10_37.bmp, -1, -1, -1
A0127_10_38.bmp, -1, -1, -1
A0127_10_39.bmp, -1, -1, -1
A0127_10_40.bmp, -1, -1, -1
A0127_10_41.bmp, -1, -1, -1
A0127_10_42.bmp, -1, -1, -1
A0127_10_43.bmp, -1, -1, -1
A0127_10_44.bmp, -1, -1, -1
A0127_10_46.bmp, -1, -1, -1
A0127_10_47.bmp, -1, -1, -1
A0127_10_48.bmp, -1, -1, -1
A0127_10_49.bmp, -1, -1, -1
A0127_10_50.bmp, -1, -1, -1
A0127_10_51.bmp, -1, -1, -1
A0127_10_52.bmp, -1, -1, -1
A0127_10_53.bmp, -1, -1, -1
A0127_10_54.bmp, -1, -1, -1
A0127_10_55.bmp, -1, -1, -1
A0127_10_56.bmp, -1, -1, -1
A0127_10_58.bmp, -1, -1, -1
A0127_10_61.bmp, -1, -1, -1
A0127_10_62.bmp, -1, -1, -1
A0127_10_63.bmp, -1, -1, -1
A0127_10_64.bmp, -1, -1, -1
A0127_10_65.bmp, -1, -1, -1
A0127_10_66.bmp, -1, -1, -1
A0127_10_67.bmp, -1, -1, -1
A0127_10_68.bmp, -1, -1, -1
A0127_10_69.bmp, -1, -1, -1
A0127_10_70.bmp, -1, -1, -1
A0127_10_71.bmp, -1, -1, -1
A0127_10_72.bmp, -1, -1, -1
A0127_10_73.bmp, -1, -1, -1
A0127_10_74.bmp, -1, -1, -1
A0127_10_75.bmp, -1, -1, -1
A0129_10_00.bmp, -1, -1, -1
A0129_10_01.bmp, -1, -1, -1
A0129_10_02.bmp, -1, -1, -1
A0129_10_03.bmp, -1, -1, -1
A0129_10_04.bmp, -1, -1, -1
A0129_10_05.bmp, -1, -1, -1
A0129_10_06.bmp, -1, -1, -1
A0129_10_07.bmp, -1, -1, -1
A0129_10_08.bmp, -1, -1, -1
A0129_10_10.bmp, -1, -1, -1
A0129_10_11.bmp, -1, -1, -1
A0129_10_12.bmp, -1, -1, -1
A0129_10_14.bmp, -1, -1, -1
A0129_10_15.bmp, -1, -1, -1
A0129_10_16.bmp, -1, -1, -1
A0129_10_17.bmp, -1, -1, -1
A0129_10_18.bmp, -1, -1, -1
A0129_10_19.bmp, -1, -1, -1
A0129_10_20.bmp, -1, -1, -1
A0129_10_21.bmp, -1, -1, -1
A0129_10_24.bmp, -1, -1, -1
A0129_10_26.bmp, -1, -1, -1
A0129_10_27.bmp, -1, -1, -1
A0129_10_28.bmp, -1, -1, -1
A0129_10_29.bmp, -1, -1, -1
A0129_10_30.bmp, -1, -1, -1
A0129_10_31.bmp, -1, -1, -1
A0129_10_32.bmp, -1, -1, -1
A0129_10_34.bmp, -1, -1, -1
A0129_10_35.bmp, -1, -1, -1
A0129_10_36.bmp, -1, -1, -1
A0129_10_37.bmp, -1, -1, -1
A0129_10_38.bmp, -1, -1, -1
A0129_10_39.bmp, -1, -1, -1
A0129_10_40.bmp, -1, -1, -1
A0129_10_41.bmp, -1, -1, -1
A0129_10_42.bmp, -1, -1, -1
A0129_10_43.bmp, -1, -1, -1
A0129_10_44.bmp, -1, -1, -1
A0129_10_46.bmp, -1, -1, -1
A0129_10_47.bmp, -1, -1, -1
A0129_10_48.bmp, -1, -1, -1
A0129_10_49.bmp, -1, -1, -1
A0129_10_50.bmp, -1, -1, -1
A0129_10_51.bmp, -1, -1, -1
A0129_10_52.bmp, -1, -1, -1
A0129_10_53.bmp, -1, -1, -1
A0129_10_54.bmp, -1, -1, -1
A0129_10_55.bmp, -1, -1, -1
A0129_10_56.bmp, -1, -1, -1
A0129_10_58.bmp, -1, -1, -1
A0129_10_61.bmp, -1, -1, -1
A0129_10_62.bmp, -1, -1, -1
A0129_10_63.bmp, -1, -1, -1
A0129_10_64.bmp, -1, -1, -1
A0129_10_65.bmp, -1, -1, -1
A0129_10_66.bmp, -1, -1, -1
A0129_10_67.bmp, -1, -1, -1
A0129_10_68.bmp, -1, -1, -1
A0129_10_69.bmp, -1, -1, -1
A0129_10_70.bmp, -1, -1, -1
A0129_10_71.bmp, -1, -1, -1
A0129_10_72.bmp, -1, -1, -1
A0129_10_73.bmp, -1, -1, -1
A0129_10_74.bmp, -1, -1, -1
A0129_10_75.bmp, -1, -1, -1
A0144_10_00.bmp, -1, -1, -1
A0144_10_01.bmp, -1, -1, -1
A0144_10_02.bmp, -1, -1, -1
A0144_10_03.bmp, -1, -1, -1
A0144_10_04.bmp, -1, -1, -1
A0144_10_05.bmp, -1, -1, -1
A0144_10_06.bmp, -1, -1, -1
A0144_10_07.bmp, -1, -1, -1
A0144_10_08.bmp, -1, -1, -1
A0144_10_10.bmp, -1, -1, -1
A0144_10_11.bmp, -1, -1, -1
A0144_10_12.bmp, -1, -1, -1
A0144_10_14.bmp, -1, -1, -1
A0144_10_15.bmp, -1, -1, -1
A0144_10_16.bmp, -1, -1, -1
A0144_10_17.bmp, -1, -1, -1
A0144_10_18.bmp, -1, -1, -1
A0144_10_19.bmp, -1, -1, -1
A0144_10_20.bmp, -1, -1, -1
A0144_10_21.bmp, -1, -1, -1
A0144_10_24.bmp, -1, -1, -1
A0144_10_26.bmp, -1, -1, -1
A0144_10_27.bmp, -1, -1, -1
A0144_10_28.bmp, -1, -1, -1
A0144_10_29.bmp, -1, -1, -1
A0144_10_30.bmp, -1, -1, -1
A0144_10_31.bmp, -1, -1, -1
A0144_10_32.bmp, -1, -1, -1
A0144_10_34.bmp, -1, -1, -1
A0144_10_35.bmp, -1, -1, -1
A0144_10_36.bmp, -1, -1, -1
A0144_10_37.bmp, -1, -1, -1
A0144_10_38.bmp, -1, -1, -1
A0144_10_39.bmp, -1, -1, -1
A0144_10_40.bmp, -1, -1, -1
A0144_10_41.bmp, -1, -1, -1
A0144_10_42.bmp, -1, -1, -1
A0144_10_43.bmp, -1, -1, -1
A0144_10_44.bmp, -1, -1, -1
A0144_10_46.bmp, -1, -1, -1
A0144_10_47.bmp, -1, -1, -1
A0144_10_48.bmp, -1, -1, -1
A0144_10_49.bmp, -1, -1, -1
A0144_10_50.bmp, -1, -1, -1
A0144_10_51.bmp, -1, -1, -1
A0144_10_52.bmp, -1, -1, -1
A0144_10_53.bmp, -1, -1, -1
A0144_10_54.bmp, -1, -1, -1
A0144_10_55.bmp, -1, -1, -1
A0144_10_56.bmp, -1, -1, -1
A0144_10_58.bmp, -1, -1, -1
A0144_10_61.bmp, -1, -1, -1
A0144_10_62.bmp, -1, -1, -1
A0144_10_63.bmp, -1, -1, -1
A0144_10_64.bmp, -1, -1, -1
A0144_10_65.bmp, -1, -1, -1
A0144_10_66.bmp, -1, -1, -1
A0144_10_67.bmp, -1, -1, -1
A0144_10_68.bmp, -1, -1, -1
A0144_10_69.bmp, -1, -1, -1
A0144_10_70.bmp, -1, -1, -1
A0144_10_71.bmp, -1, -1, -1
A0144_10_72.bmp, -1, -1, -1
A0144_10_73.bmp, -1, -1, -1
A0144_10_74.bmp, -1, -1, -1
A0144_10_75.bmp, -1, -1, -1
A0147_10_00.bmp, -1, -1, -1
A0147_10_01.bmp, -1, -1, -1
A0147_10_02.bmp, -1, -1, -1
A0147_10_03.bmp, -1, -1, -1
A0147_10_04.bmp, -1, -1, -1
A0147_10_05.bmp, -1, -1, -1
A0147_10_06.bmp, -1, -1, -1
A0147_10_07.bmp, -1, -1, -1
A0147_10_08.bmp, -1, -1, -1
A0147_10_10.bmp, -1, -1, -1
A0147_10_11.bmp, -1, -1, -1
A0147_10_12.bmp, -1, -1, -1
A0147_10_14.bmp, -1, -1, -1
A0147_10_15.bmp, -1, -1, -1
A0147_10_16.bmp, -1, -1, -1
A0147_10_17.bmp, -1, -1, -1
A0147_10_18.bmp, -1, -1, -1
A0147_10_19.bmp, -1, -1, -1
A0147_10_20.bmp, -1, -1, -1
A0147_10_21.bmp, -1, -1, -1
A0147_10_24.bmp, -1, -1, -1
A0147_10_26.bmp, -1, -1, -1
A0147_10_27.bmp, -1, -1, -1
A0147_10_28.bmp, -1, -1, -1
A0147_10_29.bmp, -1, -1, -1
A0147_10_30.bmp, -1, -1, -1
A0147_10_31.bmp, -1, -1, -1
A0147_10_32.bmp, -1, -1, -1
A0147_10_34.bmp, -1, -1, -1
A0147_10_35.bmp, -1, -1, -1
A0147_10_36.bmp, -1, -1, -1
A0147_10_37.bmp, -1, -1, -1
A0147_10_38.bmp, -1, -1, -1
A0147_10_39.bmp, -1, -1, -1
A0147_10_40.bmp, -1, -1, -1
A0147_10_41.bmp, -1, -1, -1
A0147_10_42.bmp, -1, -1, -1
A0147_10_43.bmp, -1, -1, -1
A0147_10_44.bmp, -1, -1, -1
A0147_10_46.bmp, -1, -1, -1
A0147_10_47.bmp, -1, -1, -1
A0147_10_48.bmp, -1, -1, -1
A0147_10_49.bmp, -1, -1, -1
A0147_10_50.bmp, -1, -1, -1
A0147_10_51.bmp, -1, -1, -1
A0147_10_52.bmp, -1, -1, -1
A0147_10_53.bmp, -1, -1, -1
A0147_10_54.bmp, -1, -1, -1
A0147_10_55.bmp, -1, -1, -1
A0147_10_56.bmp, -1, -1, -1
A0147_10_58.bmp, -1, -1, -1
A0147_10_61.bmp, -1, -1, -1
A0147_10_62.bmp, -1, -1, -1
A0147_10_63.bmp, -1, -1, -1
A0147_10_64.bmp, -1, -1, -1
A0147_10_65.bmp, -1, -1, -1
A0147_10_66.bmp, -1, -1, -1
A0147_10_67.bmp, -1, -1, -1
A0147_10_68.bmp, -1, -1, -1
A0147_10_69.bmp, -1, -1, -1
A0147_10_70.bmp, -1, -1, -1
A0147_10_71.bmp, -1, -1, -1
A0147_10_72.bmp, -1, -1, -1
A0147_10_73.bmp, -1, -1, -1
A0147_10_74.bmp, -1, -1, -1
A0147_10_75.bmp, -1, -1, -1
A0154_10_00.bmp, -1, -1, -1
A0154_10_01.bmp, -1, -1, -1
A0154_10_02.bmp, -1, -1, -1
A0154_10_03.bmp, -1, -1, -1
A0154_10_04.bmp, -1, -1, -1
A0154_10_05.bmp, -1, -1, -1
A0154_10_06.bmp, -1, -1, -1
A0154_10_07.bmp, -1, -1, -1
A0154_10_08.bmp, -1, -1, -1
A0154_10_10.bmp, -1, -1, -1
A0154_10_11.bmp, -1, -1, -1
A0154_10_12.bmp, -1, -1, -1
A0154_10_14.bmp, -1, -1, -1
A0154_10_15.bmp, -1, -1, -1
A0154_10_16.bmp, -1, -1, -1
A0154_10_17.bmp, -1, -1, -1
A0154_10_18.bmp, -1, -1, -1
A0154_10_19.bmp, -1, -1, -1
A0154_10_20.bmp, -1, -1, -1
A0154_10_21.bmp, -1, -1, -1
A0154_10_24.bmp, -1, -1, -1
A0154_10_26.bmp, -1, -1, -1
A0154_10_27.bmp, -1, -1, -1
A0154_10_28.bmp, -1, -1, -1
A0154_10_29.bmp, -1, -1, -1
A0154_10_30.bmp, -1, -1, -1
A0154_10_31.bmp, -1, -1, -1
A0154_10_32.bmp, -1, -1, -1
A0154_10_34.bmp, -1, -1, -1
A0154_10_35.bmp, -1, -1, -1
A0154_10_36.bmp, -1, -1, -1
A0154_10_37.bmp, -1, -1, -1
A0154_10_38.bmp, -1, -1, -1
A0154_10_39.bmp, -1, -1, -1
A0154_10_40.bmp, -1, -1, -1
A0154_10_41.bmp, -1, -1, -1
A0154_10_42.bmp, -1, -1, -1
A0154_10_43.bmp, -1, -1, -1
A0154_10_44.bmp, -1, -1, -1
A0154_10_46.bmp, -1, -1, -1
A0154_10_47.bmp, -1, -1, -1
A0154_10_48.bmp, -1, -1, -1
A0154_10_49.bmp, -1, -1, -1
A0154_10_50.bmp, -1, -1, -1
A0154_10_51.bmp, -1, -1, -1
A0154_10_52.bmp, -1, -1, -1
A0154_10_53.bmp, -1, -1, -1
A0154_10_54.bmp, -1, -1, -1
A0154_10_55.bmp, -1, -1, -1
A0154_10_56.bmp, -1, -1, -1
A0154_10_58.bmp, -1, -1, -1
A0154_10_61.bmp, -1, -1, -1
A0154_10_62.bmp, -1, -1, -1
A0154_10_63.bmp, -1, -1, -1
A0154_10_64.bmp, -1, -1, -1
A0154_10_65.bmp, -1, -1, -1
A0154_10_66.bmp, -1, -1, -1
A0154_10_67.bmp, -1, -1, -1
A0154_10_68.bmp, -1, -1, -1
A0154_10_69.bmp, -1, -1, -1
A0154_10_70.bmp, -1, -1, -1
A0154_10_71.bmp, -1, -1, -1
A0154_10_72.bmp, -1, -1, -1
A0154_10_73.bmp, -1, -1, -1
A0154_10_74.bmp, -1, -1, -1
A0154_10_75.bmp, -1, -1, -1
A0161_10_00.bmp, -1, -1, -1
A0161_10_01.bmp, -1, -1, -1
A0161_10_02.bmp, -1, -1, -1
A0161_10_03.bmp, -1, -1, -1
A0161_10_04.bmp, -1, -1, -1
A0161_10_05.bmp, -1, -1, -1
A0161_10_06.bmp, -1, -1, -1
A0161_10_07.bmp, -1, -1, -1
A0161_10_08.bmp, -1, -1, -1
A0161_10_10.bmp, -1, -1, -1
A0161_10_11.bmp, -1, -1, -1
A0161_10_12.bmp, -1, -1, -1
A0161_10_14.bmp, -1, -1, -1
A0161_10_15.bmp, -1, -1, -1
A0161_10_16.bmp, -1, -1, -1
A0161_10_17.bmp, -1, -1, -1
A0161_10_18.bmp, -1, -1, -1
A0161_10_19.bmp, -1, -1, -1
A0161_10_20.bmp, -1, -1, -1
A0161_10_21.bmp, -1, -1, -1
A0161_10_24.bmp, -1, -1, -1
A0161_10_26.bmp, -1, -1, -1
A0161_10_27.bmp, -1, -1, -1
A0161_10_28.bmp, -1, -1, -1
A0161_10_29.bmp, -1, -1, -1
A0161_10_30.bmp, -1, -1, -1
A0161_10_31.bmp, -1, -1, -1
A0161_10_32.bmp, -1, -1, -1
A0161_10_34.bmp, -1, -1, -1
A0161_10_35.bmp, -1, -1, -1
A0161_10_36.bmp, -1, -1, -1
A0161_10_37.bmp, -1, -1, -1
A0161_10_38.bmp, -1, -1, -1
A0161_10_39.bmp, -1, -1, -1
A0161_10_40.bmp, -1, -1, -1
A0161_10_41.bmp, -1, -1, -1
A0161_10_42.bmp, -1, -1, -1
A0161_10_43.bmp, -1, -1, -1
A0161_10_44.bmp, -1, -1, -1
A0161_10_46.bmp, -1, -1, -1
A0161_10_47.bmp, -1, -1, -1
A0161_10_48.bmp, -1, -1, -1
A0161_10_49.bmp, -1, -1, -1
A0161_10_50.bmp, -1, -1, -1
A0161_10_51.bmp, -1, -1, -1
A0161_10_52.bmp, -1, -1, -1
A0161_10_53.bmp, -1, -1, -1
A0161_10_54.bmp, -1, -1, -1
A0161_10_55.bmp, -1, -1, -1
A0161_10_56.bmp, -1, -1, -1
A0161_10_58.bmp, -1, -1, -1
A0161_10_61.bmp, -1, -1, -1
A0161_10_62.bmp, -1, -1, -1
A0161_10_63.bmp, -1, -1, -1
A0161_10_64.bmp, -1, -1, -1
A0161_10_65.bmp, -1, -1, -1
A0161_10_66.bmp, -1, -1, -1
A0161_10_67.bmp, -1, -1, -1
A0161_10_68.bmp, -1, -1, -1
A0161_10_69.bmp, -1, -1, -1
A0161_10_70.bmp, -1, -1, -1
A0161_10_71.bmp, -1, -1, -1
A0161_10_72.bmp, -1, -1, -1
A0161_10_73.bmp, -1, -1, -1
A0161_10_74.bmp, -1, -1, -1
A0161_10_75.bmp, -1, -1, -1
A0192_10_00.bmp, -1, -1, -1
A0192_10_01.bmp, -1, -1, -1
A0192_10_02.bmp, -1, -1, -1
A0192_10_03.bmp, -1, -1, -1
A0192_10_04.bmp, -1, -1, -1
A0192_10_05.bmp, -1, -1, -1
A0192_10_06.bmp, -1, -1, -1
A0192_10_07.bmp, -1, -1, -1
A0192_10_08.bmp, -1, -1, -1
A0192_10_10.bmp, -1, -1, -1
A0192_10_11.bmp, -1, -1, -1
A0192_10_12.bmp, -1, -1, -1
A0192_10_14.bmp, -1, -1, -1
A0192_10_15.bmp, -1, -1, -1
A0192_10_16.bmp, -1, -1, -1
A0192_10_17.bmp, -1, -1, -1
A0192_10_18.bmp, -1, -1, -1
A0192_10_19.bmp, -1, -1, -1
A0192_10_20.bmp, -1, -1, -1
A0192_10_21.bmp, -1, -1, -1
A0192_10_24.bmp, -1, -1, -1
A0192_10_26.bmp, -1, -1, -1
A0192_10_27.bmp, -1, -1, -1
A0192_10_28.bmp, -1, -1, -1
A0192_10_29.bmp, -1, -1, -1
A0192_10_30.bmp, -1, -1, -1
A0192_10_31.bmp, -1, -1, -1
A0192_10_32.bmp, -1, -1, -1
A0192_10_34.bmp, -1, -1, -1
A0192_10_35.bmp, -1, -1, -1
A0192_10_36.bmp, -1, -1, -1
A0192_10_37.bmp, -1, -1, -1
A0192_10_38.bmp, -1, -1, -1
A0192_10_39.bmp, -1, -1, -1
A0192_10_40.bmp, -1, -1, -1
A0192_10_41.bmp, -1, -1, -1
A0192_10_42.bmp, -1, -1, -1
A0192_10_43.bmp, -1, -1, -1
A0192_10_44.bmp, -1, -1, -1
A0192_10_46.bmp, -1, -1, -1
A0192_10_47.bmp, -1, -1, -1
A0192_10_48.bmp, -1, -1, -1
A0192_10_49.bmp, -1, -1, -1
A0192_10_50.bmp, -1, -1, -1
A0192_10_51.bmp, -1, -1, -1
A0192_10_52.bmp, -1, -1, -1
A0192_10_53.bmp, -1, -1, -1
A0192_10_54.bmp, -1, -1, -1
A0192_10_55.bmp, -1, -1, -1
A0192_10_56.bmp, -1, -1, -1
A0192_10_58.bmp, -1, -1, -1
A0192_10_61.bmp, -1, -1, -1
A0192_10_62.bmp, -1, -1, -1
A0192_10_63.bmp, -1, -1, -1
A0192_10_64.bmp, -1, -1, -1
A0192_10_65.bmp, -1, -1, -1
A0192_10_66.bmp, -1, -1, -1
A0192_10_67.bmp, -1, -1, -1
A0192_10_68.bmp, -1, -1, -1
A0192_10_69.bmp, -1, -1, -1
A0192_10_70.bmp, -1, -1, -1
A0192_10_71.bmp, -1, -1, -1
A0192_10_72.bmp, -1, -1, -1
A0192_10_73.bmp, -1, -1, -1
A0192_10_74.bmp, -1, -1, -1
A0192_10_75.bmp, -1, -1, -1
A0196_10_00.bmp, -1, -1, -1
A0196_10_01.bmp, -1, -1, -1
A0196_10_02.bmp, -1, -1, -1
A0196_10_03.bmp, -1, -1, -1
A0196_10_04.bmp, -1, -1, -1
A0196_10_05.bmp, -1, -1, -1
A0196_10_06.bmp, -1, -1, -1
A0196_10_07.bmp, -1, -1, -1
A0196_10_08.bmp, -1, -1, -1
A0196_10_10.bmp, -1, -1, -1
A0196_10_11.bmp, -1, -1, -1
A0196_10_12.bmp, -1, -1, -1
A0196_10_14.bmp, -1, -1, -1
A0196_10_15.bmp, -1, -1, -1
A0196_10_16.bmp, -1, -1, -1
A0196_10_17.bmp, -1, -1, -1
A0196_10_18.bmp, -1, -1, -1
A0196_10_19.bmp, -1, -1, -1
A0196_10_20.bmp, -1, -1, -1
A0196_10_21.bmp, -1, -1, -1
A0196_10_24.bmp, -1, -1, -1
A0196_10_26.bmp, -1, -1, -1
A0196_10_27.bmp, -1, -1, -1
A0196_10_28.bmp, -1, -1, -1
A0196_10_29.bmp, -1, -1, -1
A0196_10_30.bmp, -1, -1, -1
A0196_10_31.bmp, -1, -1, -1
A0196_10_32.bmp, -1, -1, -1
A0196_10_34.bmp, -1, -1, -1
A0196_10_35.bmp, -1, -1, -1
A0196_10_36.bmp, -1, -1, -1
A0196_10_37.bmp, -1, -1, -1
A0196_10_38.bmp, -1, -1, -1
A0196_10_39.bmp, -1, -1, -1
A0196_10_40.bmp, -1, -1, -1
A0196_10_41.bmp, -1, -1, -1
A0196_10_42.bmp, -1, -1, -1
A0196_10_43.bmp, -1, -1, -1
A0196_10_44.bmp, -1, -1, -1
A0196_10_46.bmp, -1, -1, -1
A0196_10_47.bmp, -1, -1, -1
A0196_10_48.bmp, -1, -1, -1
A0196_10_49.bmp, -1, -1, -1
A0196_10_50.bmp, -1, -1, -1
A0196_10_51.bmp, -1, -1, -1
A0196_10_52.bmp, -1, -1, -1
A0196_10_53.bmp, -1, -1, -1
A0196_10_54.bmp, -1, -1, -1
A0196_10_55.bmp, -1, -1, -1
A0196_10_56.bmp, -1, -1, -1
A0196_10_58.bmp, -1, -1, -1
A0196_10_61.bmp, -1, -1, -1
A0196_10_62.bmp, -1, -1, -1
A0196_10_63.bmp, -1, -1, -1
A0196_10_64.bmp, -1, -1, -1
A0196_10_65.bmp, -1, -1, -1
A0196_10_66.bmp, -1, -1, -1
A0196_10_67.bmp, -1, -1, -1
A0196_10_68.bmp, -1, -1, -1
A0196_10_69.bmp, -1, -1, -1
A0196_10_70.bmp, -1, -1, -1
A0196_10_71.bmp, -1, -1, -1
A0196_10_72.bmp, -1, -1, -1
A0196_10_73.bmp, -1, -1, -1
A0196_10_74.bmp, -1, -1, -1
A0196_10_75.bmp, -1, -1, -1
A0202_10_00.bmp, -1, -1, -1
A0202_10_01.bmp, -1, -1, -1
A0202_10_02.bmp, -1, -1, -1
A0202_10_03.bmp, -1, -1, -1
A0202_10_04.bmp, -1, -1, -1
A0202_10_05.bmp, -1, -1, -1
A0202_10_06.bmp, -1, -1, -1
A0202_10_07.bmp, -1, -1, -1
A0202_10_08.bmp, -1, -1, -1
A0202_10_10.bmp, -1, -1, -1
A0202_10_11.bmp, -1, -1, -1
A0202_10_12.bmp, -1, -1, -1
A0202_10_14.bmp, -1, -1, -1
A0202_10_15.bmp, -1, -1, -1
A0202_10_16.bmp, -1, -1, -1
A0202_10_17.bmp, -1, -1, -1
A0202_10_18.bmp, -1, -1, -1
A0202_10_19.bmp, -1, -1, -1
A0202_10_20.bmp, -1, -1, -1
A0202_10_21.bmp, -1, -1, -1
A0202_10_24.bmp, -1, -1, -1
A0202_10_26.bmp, -1, -1, -1
A0202_10_27.bmp, -1, -1, -1
A0202_10_28.bmp, -1, -1, -1
A0202_10_29.bmp, -1, -1, -1
A0202_10_30.bmp, -1, -1, -1
A0202_10_31.bmp, -1, -1, -1
A0202_10_32.bmp, -1, -1, -1
A0202_10_34.bmp, -1, -1, -1
A0202_10_35.bmp, -1, -1, -1
A0202_10_36.bmp, -1, -1, -1
A0202_10_37.bmp, -1, -1, -1
A0202_10_38.bmp, -1, -1, -1
A0202_10_39.bmp, -1, -1, -1
A0202_10_40.bmp, -1, -1, -1
A0202_10_41.bmp, -1, -1, -1
A0202_10_42.bmp, -1, -1, -1
A0202_10_43.bmp, -1, -1, -1
A0202_10_44.bmp, -1, -1, -1
A0202_10_46.bmp, -1, -1, -1
A0202_10_47.bmp, -1, -1, -1
A0202_10_48.bmp, -1, -1, -1
A0202_10_49.bmp, -1, -1, -1
A0202_10_50.bmp, -1, -1, -1
A0202_10_51.bmp, -1, -1, -1
A0202_10_52.bmp, -1, -1, -1
A0202_10_53.bmp, -1, -1, -1
A0202_10_54.bmp, -1, -1, -1
A0202_10_55.bmp, -1, -1, -1
A0202_10_56.bmp, -1, -1, -1
A0202_10_58.bmp, -1, -1, -1
A0202_10_61.bmp, -1, -1, -1
A0202_10_62.bmp, -1, -1, -1
A0202_10_63.bmp, -1, -1, -1
A0202_10_64.bmp, -1, -1, -1
A0202_10_65.bmp, -1, -1, -1
A0202_10_66.bmp, -1, -1, -1
A0202_10_67.bmp, -1, -1, -1
A0202_10_68.bmp, -1, -1, -1
A0202_10_69.bmp, -1, -1, -1
A0202_10_70.bmp, -1, -1, -1
A0202_10_71.bmp, -1, -1, -1
A0202_10_72.bmp, -1, -1, -1
A0202_10_73.bmp, -1, -1, -1
A0202_10_74.bmp, -1, -1, -1
A0202_10_75.bmp, -1, -1, -1
A0217_10_00.bmp, -1, -1, -1
A0217_10_01.bmp, -1, -1, -1
A0217_10_02.bmp, -1, -1, -1
A0217_10_03.bmp, -1, -1, -1
A0217_10_04.bmp, -1, -1, -1
A0217_10_05.bmp, -1, -1, -1
A0217_10_06.bmp, -1, -1, -1
A0217_10_07.bmp, -1, -1, -1
A0217_10_08.bmp, -1, -1, -1
A0217_10_10.bmp, -1, -1, -1
A0217_10_11.bmp, -1, -1, -1
A0217_10_12.bmp, -1, -1, -1
A0217_10_14.bmp, -1, -1, -1
A0217_10_15.bmp, -1, -1, -1
A0217_10_16.bmp, -1, -1, -1
A0217_10_17.bmp, -1, -1, -1
A0217_10_18.bmp, -1, -1, -1
A0217_10_19.bmp, -1, -1, -1
A0217_10_20.bmp, -1, -1, -1
A0217_10_21.bmp, -1, -1, -1
A0217_10_24.bmp, -1, -1, -1
A0217_10_26.bmp, -1, -1, -1
A0217_10_27.bmp, -1, -1, -1
A0217_10_28.bmp, -1, -1, -1
A0217_10_29.bmp, -1, -1, -1
A0217_10_30.bmp, -1, -1, -1
A0217_10_31.bmp, -1, -1, -1
A0217_10_32.bmp, -1, -1, -1
A0217_10_34.bmp, -1, -1, -1
A0217_10_35.bmp, -1, -1, -1
A0217_10_36.bmp, -1, -1, -1
A0217_10_37.bmp, -1, -1, -1
A0217_10_38.bmp, -1, -1, -1
A0217_10_39.bmp, -1, -1, -1
A0217_10_40.bmp, -1, -1, -1
A0217_10_41.bmp, -1, -1, -1
A0217_10_42.bmp, -1, -1, -1
A0217_10_43.bmp, -1, -1, -1
A0217_10_44.bmp, -1, -1, -1
A0217_10_46.bmp, -1, -1, -1
A0217_10_47.bmp, -1, -1, -1
A0217_10_48.bmp, -1, -1, -1
A0217_10_49.bmp, -1, -1, -1
A0217_10_50.bmp, -1, -1, -1
A0217_10_51.bmp, -1, -1, -1
A0217_10_52.bmp, -1, -1, -1
A0217_10_53.bmp, -1, -1, -1
A0217_10_54.bmp, -1, -1, -1
A0217_10_55.bmp, -1, -1, -1
A0217_10_56.bmp, -1, -1, -1
A0217_10_58.bmp, -1, -1, -1
A0217_10_61.bmp, -1, -1, -1
A0217_10_62.bmp, -1, -1, -1
A0217_10_63.bmp, -1, -1, -1
A0217_10_64.bmp, -1, -1, -1
A0217_10_65.bmp, -1, -1, -1
A0217_10_66.bmp, -1, -1, -1
A0217_10_67.bmp, -1, -1, -1
A0217_10_68.bmp, -1, -1, -1
A0217_10_69.bmp, -1, -1, -1
A0217_10_70.bmp, -1, -1, -1
A0217_10_71.bmp, -1, -1, -1
A0217_10_72.bmp, -1, -1, -1
A0217_10_73.bmp, -1, -1, -1
A0217_10_74.bmp, -1, -1, -1
A0217_10_75.bmp, -1, -1, -1
A0219_10_00.bmp, -1, -1, -1
A0219_10_01.bmp, -1, -1, -1
A0219_10_02.bmp, -1, -1, -1
A0219_10_03.bmp, -1, -1, -1
A0219_10_04.bmp, -1, -1, -1
A0219_10_05.bmp, -1, -1, -1
A0219_10_06.bmp, -1, -1, -1
A0219_10_07.bmp, -1, -1, -1
A0219_10_08.bmp, -1, -1, -1
A0219_10_10.bmp, -1, -1, -1
A0219_10_11.bmp, -1, -1, -1
A0219_10_12.bmp, -1, -1, -1
A0219_10_14.bmp, -1, -1, -1
A0219_10_15.bmp, -1, -1, -1
A0219_10_16.bmp, -1, -1, -1
A0219_10_17.bmp, -1, -1, -1
A0219_10_18.bmp, -1, -1, -1
A0219_10_19.bmp, -1, -1, -1
A0219_10_20.bmp, -1, -1, -1
A0219_10_21.bmp, -1, -1, -1
A0219_10_24.bmp, -1, -1, -1
A0219_10_26.bmp, -1, -1, -1
A0219_10_27.bmp, -1, -1, -1
A0219_10_28.bmp, -1, -1, -1
A0219_10_29.bmp, -1, -1, -1
A0219_10_30.bmp, -1, -1, -1
A0219_10_31.bmp, -1, -1, -1
A0219_10_32.bmp, -1, -1, -1
A0219_10_34.bmp, -1, -1, -1
A0219_10_35.bmp, -1, -1, -1
A0219_10_36.bmp, -1, -1, -1
A0219_10_37.bmp, -1, -1, -1
A0219_10_38.bmp, -1, -1, -1
A0219_10_39.bmp, -1, -1, -1
A0219_10_40.bmp, -1, -1, -1
A0219_10_41.bmp, -1, -1, -1
A0219_10_42.bmp, -1, -1, -1
A0219_10_43.bmp, -1, -1, -1
A0219_10_44.bmp, -1, -1, -1
A0219_10_46.bmp, -1, -1, -1
A0219_10_47.bmp, -1, -1, -1
A0219_10_48.bmp, -1, -1, -1
A0219_10_49.bmp, -1, -1, -1
A0219_10_50.bmp, -1, -1, -1
A0219_10_51.bmp, -1, -1, -1
A0219_10_52.bmp, -1, -1, -1
A0219_10_53.bmp, -1, -1, -1
A0219_10_54.bmp, -1, -1, -1
A0219_10_55.bmp, -1, -1, -1
A0219_10_56.bmp, -1, -1, -1
A0219_10_58.bmp, -1, -1, -1
A0219_10_61.bmp, -1, -1, -1
A0219_10_62.bmp, -1, -1, -1
A0219_10_63.bmp, -1, -1, -1
A0219_10_64.bmp, -1, -1, -1
A0219_10_65.bmp, -1, -1, -1
A0219_10_66.bmp, -1, -1, -1
A0219_10_67.bmp, -1, -1, -1
A0219_10_68.bmp, -1, -1, -1
A0219_10_69.bmp, -1, -1, -1
A0219_10_70.bmp, -1, -1, -1
A0219_10_71.bmp, -1, -1, -1
A0219_10_72.bmp, -1, -1, -1
A0219_10_73.bmp, -1, -1, -1
A0219_10_74.bmp, -1, -1, -1
A0219_10_75.bmp, -1, -1, -1
A0235_10_00.bmp, -1, -1, -1
A0235_10_01.bmp, -1, -1, -1
A0235_10_02.bmp, -1, -1, -1
A0235_10_03.bmp, -1, -1, -1
A0235_10_04.bmp, -1, -1, -1
A0235_10_05.bmp, -1, -1, -1
A0235_10_06.bmp, -1, -1, -1
A0235_10_07.bmp, -1, -1, -1
A0235_10_08.bmp, -1, -1, -1
A0235_10_10.bmp, -1, -1, -1
A0235_10_11.bmp, -1, -1, -1
A0235_10_12.bmp, -1, -1, -1
A0235_10_14.bmp, -1, -1, -1
A0235_10_15.bmp, -1, -1, -1
A0235_10_16.bmp, -1, -1, -1
A0235_10_17.bmp, -1, -1, -1
A0235_10_18.bmp, -1, -1, -1
A0235_10_19.bmp, -1, -1, -1
A0235_10_20.bmp, -1, -1, -1
A0235_10_21.bmp, -1, -1, -1
A0235_10_24.bmp, -1, -1, -1
A0235_10_26.bmp, -1, -1, -1
A0235_10_27.bmp, -1, -1, -1
A0235_10_28.bmp, -1, -1, -1
A0235_10_29.bmp, -1, -1, -1
A0235_10_30.bmp, -1, -1, -1
A0235_10_31.bmp, -1, -1, -1
A0235_10_32.bmp, -1, -1, -1
A0235_10_34.bmp, -1, -1, -1
A0235_10_35.bmp, -1, -1, -1
A0235_10_36.bmp, -1, -1, -1
A0235_10_37.bmp, -1, -1, -1
A0235_10_38.bmp, -1, -1, -1
A0235_10_39.bmp, -1, -1, -1
A0235_10_40.bmp, -1, -1, -1
A0235_10_41.bmp, -1, -1, -1
A0235_10_42.bmp, -1, -1, -1
A0235_10_43.bmp, -1, -1, -1
A0235_10_44.bmp, -1, -1, -1
A0235_10_46.bmp, -1, -1, -1
A0235_10_47.bmp, -1, -1, -1
A0235_10_48.bmp, -1, -1, -1
A0235_10_49.bmp, -1, -1, -1
A0235_10_50.bmp, -1, -1, -1
A0235_10_51.bmp, -1, -1, -1
A0235_10_52.bmp, -1, -1, -1
A0235_10_53.bmp, -1, -1, -1
A0235_10_54.bmp, -1, -1, -1
A0235_10_55.bmp, -1, -1, -1
A0235_10_56.bmp, -1, -1, -1
A0235_10_58.bmp, -1, -1, -1
A0235_10_61.bmp, -1, -1, -1
A0235_10_62.bmp, -1, -1, -1
A0235_10_63.bmp, -1, -1, -1
A0235_10_64.bmp, -1, -1, -1
A0235_10_65.bmp, -1, -1, -1
A0235_10_66.bmp, -1, -1, -1
A0235_10_67.bmp, -1, -1, -1
A0235_10_68.bmp, -1, -1, -1
A0235_10_69.bmp, -1, -1, -1
A0235_10_70.bmp, -1, -1, -1
A0235_10_71.bmp, -1, -1, -1
A0235_10_72.bmp, -1, -1, -1
A0235_10_73.bmp, -1, -1, -1
A0235_10_74.bmp, -1, -1, -1
A0235_10_75.bmp, -1, -1, -1
A0249_10_00.bmp, -1, -1, -1
A0249_10_01.bmp, -1, -1, -1
A0249_10_02.bmp, -1, -1, -1
A0249_10_03.bmp, -1, -1, -1
A0249_10_04.bmp, -1, -1, -1
A0249_10_05.bmp, -1, -1, -1
A0249_10_06.bmp, -1, -1, -1
A0249_10_07.bmp, -1, -1, -1
A0249_10_08.bmp, -1, -1, -1
A0249_10_10.bmp, -1, -1, -1
A0249_10_11.bmp, -1, -1, -1
A0249_10_12.bmp, -1, -1, -1
A0249_10_14.bmp, -1, -1, -1
A0249_10_15.bmp, -1, -1, -1
A0249_10_16.bmp, -1, -1, -1
A0249_10_17.bmp, -1, -1, -1
A0249_10_18.bmp, -1, -1, -1
A0249_10_19.bmp, -1, -1, -1
A0249_10_20.bmp, -1, -1, -1
A0249_10_21.bmp, -1, -1, -1
A0249_10_24.bmp, -1, -1, -1
A0249_10_26.bmp, -1, -1, -1
A0249_10_27.bmp, -1, -1, -1
A0249_10_28.bmp, -1, -1, -1
A0249_10_29.bmp, -1, -1, -1
A0249_10_30.bmp, -1, -1, -1
A0249_10_31.bmp, -1, -1, -1
A0249_10_32.bmp, -1, -1, -1
A0249_10_34.bmp, -1, -1, -1
A0249_10_35.bmp, -1, -1, -1
A0249_10_36.bmp, -1, -1, -1
A0249_10_37.bmp, -1, -1, -1
A0249_10_38.bmp, -1, -1, -1
A0249_10_39.bmp, -1, -1, -1
A0249_10_40.bmp, -1, -1, -1
A0249_10_41.bmp, -1, -1, -1
A0249_10_42.bmp, -1, -1, -1
A0249_10_43.bmp, -1, -1, -1
A0249_10_44.bmp, -1, -1, -1
A0249_10_46.bmp, -1, -1, -1
A0249_10_47.bmp, -1, -1, -1
A0249_10_48.bmp, -1, -1, -1
A0249_10_49.bmp, -1, -1, -1
A0249_10_50.bmp, -1, -1, -1
A0249_10_51.bmp, -1, -1, -1
A0249_10_52.bmp, -1, -1, -1
A0249_10_53.bmp, -1, -1, -1
A0249_10_54.bmp, -1, -1, -1
A0249_10_55.bmp, -1, -1, -1
A0249_10_56.bmp, -1, -1, -1
A0249_10_58.bmp, -1, -1, -1
A0249_10_61.bmp, -1, -1, -1
A0249_10_62.bmp, -1, -1, -1
A0249_10_63.bmp, -1, -1, -1
A0249_10_64.bmp, -1, -1, -1
A0249_10_65.bmp, -1, -1, -1
A0249_10_66.bmp, -1, -1, -1
A0249_10_67.bmp, -1, -1, -1
A0249_10_68.bmp, -1, -1, -1
A0249_10_69.bmp, -1, -1, -1
A0249_10_70.bmp, -1, -1, -1
A0249_10_71.bmp, -1, -1, -1
A0249_10_72.bmp, -1, -1, -1
A0249_10_73.bmp, -1, -1, -1
A0249_10_74.bmp, -1, -1, -1
A0249_10_75.bmp, -1, -1, -1
